The Following are strongly connected components in given graph 
10874 
10876 
10875 
10647 
10606 
10608 
10607 
10653 
10493 
10460 
10464 
10463 
10537 
10536 
10462 
10461 
10453 
10455 
10454 
10530 
10597 
10648 
10529 
10452 
10007 
10009 
10008 
10162 
10161 
10160 
10285 
10005 
9888 
9856 
9854 
9845 
9847 
10036 
10035 
9466 
9367 
9371 
9364 
9366 
9694 
9927 
10115 
10114 
9693 
9692 
9926 
10113 
10112 
9925 
9691 
9352 
9354 
9350 
9351 
9212 
9213 
8903 
7388 
7383 
7385 
5586 
0 1184 328 99 25 3 75 19 1 1511 453 130 46 12 4583 2278 753 206 76 248 87 17 930 255 91 26 2631 927 727 200 65 21 1660 519 144 10 2672 938 261 90 855 242 5696 3399 1373 408 84 77 697 187 73 295 88 344 106 227 83 1942 631 171 58 20 831 238 80 369 118 38 8 1581 483 121 148 54 358 112 23 4589 2281 842 236 3135 1199 335 96 955 264 280 92 175 61 2407 838 841 920 256 1348 390 109 4338 385 669 184 60 1758 563 157 39 3602 1487 445 120 1110 305 94 1755 133 639 176 62 945 262 1414 411 123 1295 360 113 1845 590 165 198 963 267 89 2463 846 240 1375 409 827 2833 1052 270 1121 314 101 7075 5204 8527 7611 2709 956 698 277 713 7099 1718 547 150 3604 6405 4254 1987 543 8905 8190 7067 5175 2789 1003 275 1021 244 126 6844 4829 2477 2819 1031 265 473 125 575 162 260 621 168 1357 405 2403 2504 862 1192 331 3109 1186 610 167 154 1744 558 2079 688 192 1586 487 637 1204 709 496 137 428 124 1525 464 132 1762 565 158 958 911 239 1235 346 375 1327 386 289 93 632 1169 318 1030 1537 1017 266 1154 317 292 458 131 569 285 7859 6469 4343 2044 674 189 1231 5329 2980 1122 2966 1113 308 1410 423 6299 4100 1840 2836 2489 857 3021 1143 316 2001 660 181 474 476 4765 2415 837 281 1194 611 1827 567 851 1324 381 119 304 180 633 1984 650 886 253 649 617 410 213 867 251 716 170 675 1945 4046 1655 1305 356 714 1428 424 798 229 1642 510 141 985 272 820 237 480 1715 7172 5376 2851 1054 516 2144 706 195 4378 2066 684 3164 1214 3265 1294 1591 3141 1201 5962 3742 1585 4249 1978 3665 1867 528 147 897 252 2774 992 273 1229 704 1361 10841 10836 10827 10812 10790 10766 10739 10719 10701 10679 10635 10579 10508 10429 5909 3678 2898 1079 286 1203 343 596 3001 1116 14 6774 4713 2381 832 576 433 128 864 1300 354 1890 2793 190 835 2650 1997 657 728 1243 347 1171 922 489 1805 580 4655 2336 794 859 1712 485 1791 577 2738 81 1579 719 758 2995 1123 4837 429 1928 628 447 1382 3043 1157 315 556 5225 2855 1057 2197 722 2715 2118 696 463 2475 781 220 1326 2057 683 4120 1881 592 1750 1463 430 2007 671 2943 1102 301 1391 412 1430 2681 935 2006 6823 4780 2424 840 1807 2315 789 223 630 1334 387 2416 3773 1592 3653 1516 1757 2902 1072 506 3139 1849 591 8589 7707 6230 4628 2316 3382 1363 407 486 3917 1706 545 1015 1448 427 1939 2811 1025 3181 1073 1433 1542 4205 6950 3530 448 2409 904 254 3552 1453 9655 9302 8802 8030 6826 4784 2430 7705 6234 4049 1808 702 946 967 268 870 557 968 1529 1619 5008 2634 928 924 4830 2479 858 8057 6842 4822 2452 850 934 2387 1720 1454 136 2552 889 595 4355 2062 7412 4325 2024 8385 7405 3764 1561 1847 1842 1058 3351 1717 263 615 1107 2775 990 1652 2922 1092 1401 413 6992 5132 3064 1168 1274 231 766 475 4834 2483 3122 1197 397 115 1026 2496 853 1595 1228 2393 830 2026 2017 668 484 1663 526 825 4679 2340 1768 562 1925 620 3912 1955 638 1112 2149 2321 790 8860 7606 6088 3857 1661 5577 3278 3411 1377 5224 3925 1713 2527 866 4095 1766 4753 3890 1683 533 2692 952 1145 426 983 692 1364 4035 1782 504 1625 515 1219 345 1538 3121 3132 3820 1630 512 116 1008 844 2523 2882 1065 287 3421 1379 4657 2331 792 7850 6445 4313 2023 2159 708 3676 1536 493 961 568 601 166 1372 5879 3637 1504 1765 896 3413 1378 892 768 218 7100 5979 3757 1590 4992 2624 912 3714 1555 467 2870 1141 2757 3406 1367 2022 1076 2280 3156 1774 566 647 984 776 1409 1834 586 2078 7738 6284 4097 1851 2950 1105 3334 1332 1388 2897 2351 816 235 5860 3612 1489 7182 5403 3078 1172 1053 1850 1811 581 194 2291 4903 2532 4051 6120 3910 1258 349 1597 6356 4152 1909 5800 3536 1446 5642 3356 5468 4744 2406 9456 9002 8262 7164 5352 3015 1140 4138 1904 954 1333 8256 7161 5335 2999 1130 3740 5705 3410 9548 7019 5150 2792 5349 2178 2103 693 666 8977 8303 7228 5502 3179 6662 4546 1306 1551 774 1396 421 7966 6707 4620 2313 5298 2942 5285 2917 1086 5295 7255 5549 3247 1289 1697 536 2196 1223 2361 822 3126 1198 901 871 97 2797 1019 5832 3578 185 30 906 923 327 5785 3500 1415 10361 10271 10140 9966 9734 9421 1677 531 4475 2145 1640 2395 839 6225 4038 1785 1291 6734 4664 2342 4108 1856 2130 703 1153 6139 3927 2633 3892 4352 2209 9161 8618 7750 6294 4101 1643 826 1835 2234 744 207 2734 971 7678 6180 3968 1746 4395 2094 685 1656 5871 3636 3826 2727 3901 1691 535 6543 4426 2120 4586 5978 6101 3878 1675 8828 8083 6884 6070 3850 2067 721 1051 1311 972 4592 2282 4420 5836 3581 1621 2254 750 3060 2637 1564 10327 10220 9114 8546 7643 6131 7595 6053 3832 1639 1048 1495 446 1503 1461 4261 1993 654 29 1756 1781 6998 5128 2773 9105 8535 7627 6105 3888 9055 8459 7522 5922 3689 4910 2520 2810 1989 1893 605 7524 5921 5968 3743 2293 8299 7222 5478 3146 9721 9400 8920 5903 3571 1464 2135 4385 2083 5772 3485 3418 2096 1670 527 2041 2675 6309 4111 1859 8517 7601 1820 582 2246 748 4150 1905 2143 705 5065 2706 5107 2744 977 2082 5998 3767 2163 4382 4868 2506 1763 2785 1931 2227 604 5466 6443 4303 2620 1082 597 1546 468 3000 2220 729 2518 129 1322 1314 3698 1544 6519 4401 2102 2324 6533 4412 2116 3009 1135 4946 2580 2560 891 7438 5805 3630 2410 2367 2181 717 2823 3302 4402 7772 6326 4126 1883 1903 2151 2261 754 1188 2771 9955 9723 9407 8928 8231 7118 5254 4439 2131 4067 1814 5029 2660 1658 5690 3377 4947 2516 856 2346 811 1370 2077 678 3710 1553 823 2829 6098 7541 5960 5955 6178 3962 1740 1685 1772 7689 6207 4000 7457 5842 3592 1356 4717 4505 2192 1736 550 153 3088 1493 4570 2264 8154 3705 1552 2043 1070 7836 6425 4276 2004 8277 7174 5693 661 2891 1285 355 3916 2584 902 8246 3570 5297 3281 5236 2871 8192 7068 5197 5429 3293 7496 3221 1255 893 495 1545 1919 1745 3880 7909 6590 4492 4699 2390 2306 791 1607 498 1339 2343 1786 5406 3084 1166 2726 6657 4538 5310 2963 3813 1626 1050 2460 3734 1572 2736 5330 2985 4144 4984 2619 570 6567 4448 2127 699 1024 2071 2537 9346 8861 8124 6961 8766 7957 6691 5900 5901 7196 9304 9622 9250 7849 6440 4299 2021 7461 5854 3607 2854 3900 2319 3170 1224 4969 2605 916 1937 4324 5446 7095 7343 5617 3317 1347 1241 2034 673 9459 9004 8349 7335 5632 6451 4312 8956 8267 8496 7585 6040 7439 6084 8145 7000 5135 2769 1456 1109 2940 3140 3311 2356 925 4648 2244 2412 2353 6542 4417 2485 1826 1450 2830 5081 574 1234 3403 3679 2931 1094 300 2119 7483 5884 3645 4157 1913 4516 2206 723 8179 4611 2296 761 1959 1657 2207 726 1195 5145 2781 10060 9860 7669 6161 3941 1719 4465 1794 2915 2856 3650 1513 10051 9866 9608 9209 8676 7874 2993 1128 4394 3989 7472 7036 5207 2835 3373 1359 1528 2098 7148 7884 6532 4398 2099 3208 1245 5425 3101 1180 1588 3503 2025 1682 3859 5276 2914 2327 7529 6549 5694 6515 8507 7599 8545 7309 5598 3299 1318 2421 3554 1455 1252 348 2292 8204 7089 5206 3285 4328 2039 1421 2133 4988 2626 3924 7254 10075 9895 9646 9295 8778 7236 5517 3197 8666 7827 6406 8320 7248 5534 3223 3675 3919 1711 1631 1354 4060 7249 5540 3225 8151 7007 5142 2787 1927 2928 2011 648 1158 987 1246 1281 1971 2380 943 2210 2641 932 2307 7639 3379 7565 8944 8258 8168 7027 5161 2796 1183 3838 1646 4626 2314 3230 1263 352 2138 4711 7369 5673 3380 8295 7212 3443 1384 5858 9699 9370 9341 8859 9634 9267 8734 7937 6661 10598 10532 10456 10773 10742 10721 10705 9965 9733 10655 5897 3656 1512 4375 10554 10481 10396 10326 10760 10736 10717 10703 10681 10650 10649 10632 10577 9996 9753 9451 8996 8342 3070 1159 1584 4555 2363 5272 2913 9054 8456 7514 5911 1614 507 7989 6748 5472 6008 3782 2710 2437 847 3289 1308 3128 1193 2273 763 941 3875 2517 3196 2662 3376 3396 2005 4147 2680 7038 5172 2812 2389 6849 5515 3193 1236 4248 1687 1565 3226 1374 4569 3378 1368 2268 762 890 5152 2239 642 2791 2461 2203 1313 6208 4057 2876 1061 5284 3344 1200 1605 472 9374 8875 8484 7567 6861 4854 2492 5184 2815 7682 6193 829 4739 2400 7200 5437 7374 5682 3391 5546 3236 2716 2359 4779 6250 5242 3336 5622 3473 1966 2535 3229 1500 7039 8042 6836 4807 2541 8265 7173 7171 5364 3030 5839 7918 6607 4496 2183 4094 2195 1887 2166 1458 603 4643 5302 4270 5119 2763 1732 2695 3402 7791 6344 7830 6413 4189 2326 7742 3565 3684 127 1494 2107 691 234 3863 6256 4066 8441 7502 8490 9547 9131 4610 2531 4006 1764 3903 2779 3616 6307 4099 4403 2093 8557 7676 6171 3953 1727 549 3815 7216 8260 9113 4526 4019 1837 10578 10815 8536 7629 6112 6876 4865 2494 5413 3093 1177 3282 3555 1535 1841 1799 3363 1349 6459 4331 2045 676 2277 3752 1589 2286 765 524 1400 7666 6162 5639 3355 1943 1760 1387 2714 2515 4437 2128 2912 4987 4955 2597 4086 2674 3253 1440 2257 1101 3627 4373 4909 5238 2877 2809 4148 5209 2840 1696 2027 7453 5837 3881 1664 1202 2482 5189 2816 4692 3937 8777 7999 6771 4705 2365 2901 1018 2543 868 1080 1665 2899 3256 1292 4013 5066 4794 2438 1218 5804 3542 6883 7085 5215 2863 3222 1465 5616 1739 3476 6863 4852 9936 9700 3318 3702 1549 8069 6869 4862 2497 5086 5824 3562 1459 2084 8285 2019 5432 6102 8918 9153 3635 6126 3918 6714 4631 5181 8375 8064 8218 7106 5456 3517 2357 5049 2684 1534 2862 1330 2379 760 4617 6175 3957 10312 10203 10066 5089 9882 9583 9160 8624 7775 6329 4128 3066 2056 1381 6586 4485 2162 7102 5231 2865 4966 2600 5615 4173 1929 6027 3810 1622 6039 3824 5173 6015 3780 1596 3504 3153 2574 3054 1165 1721 3158 1522 5728 3426 5480 3143 6014 4121 1884 1319 1164 2247 2385 3061 3464 9299 3220 1242 3729 5630 3346 5347 5637 10839 10835 6575 6740 4670 6097 4156 4506 4759 3375 3291 3529 3357 2221 1540 7071 6986 5116 2756 9080 8488 8837 8089 6892 4930 9486 9035 10045 9864 7360 5662 4731 3245 2435 4993 4920 2548 882 4660 2364 2618 1747 1633 3556 2751 8621 7752 6300 4107 8644 7808 6382 4536 2218 3048 3455 1386 10498 10425 8465 7530 6001 3769 2035 6375 4197 1953 1952 2165 4223 10292 10170 10025 9834 9572 9155 10757 10349 10057 9867 3913 6560 5211 6362 4161 7556 5977 8572 7690 7178 5386 3065 1472 438 9531 9092 9134 7521 5831 6142 5459 7817 6392 4226 2238 7932 6656 9180 5920 3687 4504 9052 8426 5789 3497 5926 3690 5509 3174 2510 865 10242 5928 9102 8530 9905 9661 9314 8823 5044 6852 4831 8559 2683 1958 4291 4571 6041 5079 2721 2909 8138 6983 4362 2052 4627 2298 788 4687 3624 1499 4751 6891 4923 2546 5635 5732 3436 9652 9543 9108 8482 7902 6562 5255 3605 8523 7607 8597 7724 6257 6953 5055 7050 6276 6486 8035 6834 4811 2448 5064 5062 5589 2691 4246 1974 645 6017 7154 6252 9380 8885 8159 7013 5148 9216 8690 7888 6535 8014 6798 4729 3006 2869 10842 10837 4530 4125 3761 2028 1488 5726 10593 10521 10443 10377 10272 9701 10189 10047 9865 10661 10619 10557 10483 10397 6444 6679 4580 2944 8834 9881 9628 9264 8728 7974 6722 2182 2419 5469 3133 5497 8973 8292 7203 5444 6847 4826 2462 4682 2968 6785 4716 6982 5112 2752 3301 5966 5727 6255 5683 7131 5292 5771 6907 4956 2602 807 7929 6648 4525 3144 2559 3986 3837 5205 4838 7903 7474 9950 9718 9402 8916 8196 7433 5791 3611 8225 7111 5240 7244 5510 4065 2486 8500 7587 8657 7837 8843 107 5644 6914 4964 2603 4064 9839 9590 9167 8634 7794 6346 3958 4817 2458 5270 4384 5187 8989 8331 7282 5593 3300 1611 2690 7040 3481 1392 8461 7553 5973 3926 4239 1963 1033 2649 3806 3352 5927 3692 1543 2906 1556 8031 6829 4804 8793 8020 6814 9149 8611 9235 8701 5503 3217 3867 1669 5984 6508 4406 8243 7134 5264 2904 5671 7858 6466 4344 5539 8685 5424 3487 10418 10359 10269 10137 9959 10574 10507 7922 6633 4499 2450 4184 1932 1385 2029 2080 4194 7528 5935 3905 7908 7956 6452 5075 2996 3263 1293 3841 9624 4587 7413 5755 3468 1393 7687 6194 3995 5811 4473 5881 5882 7128 5288 8178 7044 2729 2804 3943 9417 9667 7206 5450 3120 6323 4127 4034 6306 4020 8901 8700 7900 9599 9187 8647 8466 9415 10489 10403 10340 10231 10458 9797 9521 10379 10298 10173 10022 7650 6134 9467 9013 10295 8675 8137 8351 7342 10654 8938 4980 3652 3338 1444 3484 4037 2124 8821 8978 6945 5010 4658 5032 8774 9619 6663 7440 5806 8338 7299 7667 6165 9021 8388 7408 5744 6886 5052 8616 7743 6293 8590 7708 6732 6757 4695 3697 4201 5359 6875 8513 10141 9964 10587 10518 7230 5499 3173 5092 3680 6253 5402 3477 3204 7451 7015 5440 7192 5416 3615 10673 10628 5861 5651 3360 9318 8829 10019 9832 9569 9150 10855 10797 9922 9682 9344 8856 8120 3298 9130 8573 10820 10798 6949 5046 4286 4048 10142 9974 1558 4524 3833 5166 9913 9670 9323 8835 9951 9722 10125 9943 2795 9391 9672 10715 10700 9463 9003 8604 7731 6271 4085 1839 4681 3052 1151 2843 3575 4356 3453 6484 10085 9898 10733 4489 4593 2283 3315 3470 5149 4875 4451 4522 7784 6341 4139 2370 9589 7499 9586 9163 8625 8369 8457 7510 5908 8945 10081 8813 8052 8326 8826 10503 10426 8849 8106 6937 5026 1787 4149 9478 9635 9207 8673 7866 9714 9396 8911 8198 7083 9381 8888 8164 7021 6285 3494 3936 3985 1752 3908 1698 2579 6043 10745 10723 10710 8587 7703 6227 7113 5234 10749 10730 10704 8735 7940 6687 4588 5976 10103 9912 10613 10556 10484 8900 6775 9186 10020 9828 10056 9924 9892 9639 9282 8752 8865 9602 9191 8660 7843 6432 4462 7211 10776 10746 10724 7401 9263 8718 10145 9976 9756 9455 10754 9720 9901 9642 9287 9857 10474 10387 10314 10330 4806 2587 5088 4155 5385 8704 9659 7190 6087 4140 3534 2440 2117 8076 8984 8988 8327 9322 8833 9215 8686 10079 9893 10234 10078 10334 10223 10042 9861 9039 10344 9356 9144 3858 2661 3055 3215 9489 8185 7066 5191 10590 10520 5320 2977 1111 5519 5520 3822 6150 7023 6058 6850 9071 8085 6890 4928 6536 7246 8850 8897 8169 2753 5972 3750 4212 1948 5442 4709 7681 8155 10496 10417 8481 7558 5999 3763 4495 3947 9012 4494 3651 2886 1068 8699 4869 10680 10642 5188 5410 3087 10245 5706 7589 8951 9960 9732 9418 8948 8261 9214 7349 7898 8415 10383 10310 10195 10059 10599 10533 10163 5109 9824 9554 9118 10449 4606 3609 6305 10345 10546 10580 9444 8975 8296 8832 10119 9594 9181 9869 7410 5747 7803 6374 8567 7685 6200 3997 2383 4576 2265 989 1608 2002 7739 8167 2309 3046 9755 3614 2160 2262 7973 8994 3795 1601 2455 7625 6108 4078 2613 7225 8558 7672 6169 4122 6647 4700 5915 9224 8695 7885 9884 9633 10473 10147 9986 9768 10690 10662 10788 10761 9228 9490 9047 8446 7505 10276 10368 10280 5686 3392 6204 9164 10466 7033 8348 10021 10709 6474 4354 4977 4005 2949 8586 10555 10479 10392 10321 10199 10063 10011 9803 9539 10491 4740 10369 6581 4479 6859 4848 2490 3368 1353 2741 3400 3807 10149 9987 9771 9605 9200 8669 7864 10118 9952 10039 9849 10517 10434 6853 7729 6265 4082 4244 2413 8649 7819 6395 4232 6716 6415 5058 4708 3433 5282 7620 7699 6206 7727 6794 7395 5712 10594 10526 10431 9077 10270 10472 10385 3899 4972 2612 4016 8362 7359 8332 8953 9774 9511 10111 10030 5355 3013 10068 9877 10208 10069 10566 4645 4745 3597 4353 3537 10183 10041 9863 9910 10468 10626 10569 10500 10351 10244 4957 5940 9525 9565 10840 5201 6988 5130 2927 2425 4202 4488 4318 2536 9379 2533 2557 3445 1380 4222 7427 5782 3491 8671 6338 6104 9404 8925 8228 7117 10306 10128 7883 6482 4363 7042 6974 7409 9378 8880 8158 6603 7266 5569 5624 3342 8705 9319 9146 8790 8729 9674 9329 10150 10193 10054 6942 5011 2639 4521 10561 10487 10398 10805 10663 8773 6694 10236 10083 8577 6848 7732 6272 9110 8537 8275 8972 10239 8908 8954 8264 9076 9538 9100 8516 10785 10756 10365 10273 8641 7805 6378 4199 5580 5528 3386 4190 8764 7968 9097 8520 7602 6075 7605 10774 10514 10404 10318 10201 10186 10043 6540 5631 5807 3546 2323 6222 4004 3599 3384 1940 2040 4236 5015 8707 10588 7002 6845 10706 10714 10696 10674 10829 7098 4728 8197 7554 6114 6941 10671 10753 10726 10185 8191 7078 7365 9962 9309 8815 9026 8392 10465 9573 9457 4866 4867 6934 5014 9151 4942 4990 5123 2770 2464 849 2994 5820 3558 7421 5768 3479 5844 3667 8995 8337 9825 9561 9623 4960 3572 8247 8663 10563 5798 6035 7429 7400 8033 6830 4800 7318 5636 6303 7840 6512 8927 9698 5256 2883 1067 6664 9844 10281 3305 2948 7700 3798 4564 5583 3292 8862 8806 8019 6802 9468 9018 1317 1443 8224 8430 7475 9785 9500 9061 5398 4425 5415 5431 7130 7403 10844 7270 6212 7564 8382 10131 10194 10771 10639 10787 10809 10830 10857 2595 6145 3125 2073 3167 4036 4552 3626 9286 8754 7955 9382 8892 3805 4513 6885 6319 7615 7637 6122 7195 5428 3106 1185 3337 2965 6238 4054 1809 5702 8038 6825 4774 2418 7980 8854 10559 2085 4166 4438 7221 5488 8448 6304 10159 10156 3330 1702 7375 9152 7129 8976 8617 8751 9908 9666 9684 9800 9175 9276 8745 7949 6579 9387 8896 8166 8474 7551 4591 7256 5091 8863 8771 9880 9311 4333 4855 8213 8315 9988 10623 5769 8929 8230 9726 9405 9851 6822 5192 4484 7199 5427 5006 9541 10238 5408 5383 5556 3251 6231 8443 7493 9011 9983 9758 9707 9841 10381 3716 5736 3441 3115 3566 9024 8390 9202 8670 9519 6636 10026 9837 4279 4309 5087 5223 7829 8021 6817 6677 7223 7434 7823 6363 4170 8007 8373 9288 10251 10110 8540 10553 6077 10816 10796 6453 756 9053 4585 745 5299 5293 8293 9243 8708 9424 8232 9503 9057 9779 9476 9022 9094 9233 9946 8581 7691 8742 7947 10082 9896 6202 8756 9220 2828 1042 3999 9629 4245 4720 5447 10294 10176 10780 9129 3638 1604 5770 8709 9020 10849 9520 10373 10324 9401 6544 5232 9279 8749 9813 9545 9293 6267 10445 10378 10436 6926 5742 9101 6787 10252 2655 931 8874 6394 7995 9524 9242 10144 8600 8959 8268 7180 9034 8422 10858 10845 10284 8061 9259 8717 9998 8424 7659 3457 5151 8199 8454 7507 5341 6340 1328 2659 2989 2658 3094 5177 2806 5247 8056 3694 3909 3471 5423 6201 7934 8444 10735 7420 5763 9696 10139 9938 8308 9534 10391 5258 3448 7679 8952 8642 10446 10423 10437 4102 6801 9620 9683 7202 5038 2570 2687 4024 7259 4746 5863 1152 4386 3949 5627 5074 9449 10249 8514 9300 10315 4718 9158 5025 5067 2986 2288 7926 8787 8013 9614 9783 7733 5594 5691 6336 4137 5754 6821 6449 4330 6457 6927 8694 7892 7354 8864 8898 8175 9338 9562 9660 9871 10033 10132 7796 7452 10540 10471 6042 8143 9206 6372 4192 1938 5850 3606 4962 5505 3191 10586 7348 4471 2146 6984 9592 7880 7624 10562 9390 10550 10480 10226 10073 9894 10151 8195 8098 6909 7534 5946 3727 6147 6609 5057 5111 8791 9425 7890 8458 3210 9025 9331 10843 9909 10711 8743 8093 5139 2790 1742 5980 3574 3465 8677 7876 7597 6071 6556 7103 5821 4666 2345 5315 5228 3775 5314 6993 8097 9363 9062 9875 10371 10751 8744 9709 6458 9001 7035 7325 7494 8333 7243 8693 9440 5147 7045 5178 6297 4093 10860 5750 6184 3970 6355 6280 8932 9262 6630 7149 9116 6450 4931 7240 10511 10545 8363 7719 10601 10538 6625 3297 1315 276 5516 6143 7508 6693 7886 8023 8345 7523 10000 9802 10065 5873 4949 7127 9907 10810 10784 9475 8047 6839 4816 9776 3839 10846 5168 6577 10376 5838 5942 7533 7596 9073 8489 8866 9798 9528 9083 8492 7573 5983 988 2231 2354 3765 3312 5354 5941 5196 7232 2388 2443 7855 2528 3011 3343 1335 3933 4712 5485 5609 4224 6780 9306 7124 5894 9139 8595 9743 6216 8632 10441 7826 6426 9891 10153 5865 3618 3134 4675 8782 8987 5342 9916 10133 10372 6854 9745 9442 3639 4407 2853 8144 7661 6154 10116 9931 9705 3314 4777 8125 10067 8868 8963 10848 3920 5372 3047 5043 7662 10657 3564 6055 6681 2204 7692 8906 3603 6137 8628 7781 6335 7915 9010 9947 7008 6921 4888 2522 8212 9982 9848 6516 9420 10268 5713 6411 9571 9772 10165 3130 4864 3274 1299 2860 4568 4364 5981 5963 3748 7020 7965 8940 8252 3647 4534 7361 5663 9786 5143 9268 8564 8004 6056 4341 5185 3035 1117 299 3889 4007 4369 4676 4584 3856 4813 2700 5156 5241 5553 5885 6242 8879 9940 9193 8656 10748 2289 7428 8491 7251 6971 4289 4652 2976 6117 6767 4704 4959 6912 2653 4237 2417 6690 3583 2433 10055 4129 2368 6168 9358 9775 8528 5382 6002 6753 5050 6177 3959 4878 9292 8869 9280 6386 4769 6643 7948 5808 3796 2271 3897 1688 5629 8950 4414 10074 9112 8354 4688 6158 6248 6615 4937 2953 5122 5925 8410 6568 7879 7160 3944 4701 4329 3264 4275 8568 8839 10135 5527 10174 8585 7698 9567 10264 8257 8962 9544 4404 4693 9632 7807 5581 6286 5612 7010 6688 10752 6784 6968 5783 7029 4609 9412 2408 2628 2232 6190 3987 8619 9066 3020 3154 3178 3699 3831 4727 5722 3427 5932 6083 9636 10225 6750 10501 4033 7062 6148 8566 5738 6059 6219 5568 6811 2975 3469 6221 4026 3617 6736 4579 5080 6999 10178 10038 4983 6479 4416 6616 9168 6283 8127 2651 1518 8401 5216 9166 3879 6551 4423 7338 2467 3823 9706 3224 3557 2720 3241 4322 6244 8552 7959 6696 6301 7697 4077 3387 1369 4162 9347 2663 8381 5570 9432 9195 4981 3131 8755 4619 8907 10416 7485 7506 8435 8730 9445 2328 5082 5233 7137 7834 8532 4632 3531 2755 4114 4641 5956 6843 9603 7070 8762 3861 7741 3982 5698 7651 5096 4349 10544 8153 4839 6369 1824 3180 5867 8005 5779 5487 3161 7470 6090 9497 10410 8053 7722 10539 4059 3114 3127 4560 7097 4459 2137 7435 2960 4062 1819 4493 9124 10864 3827 5307 3022 4297 4913 5614 5412 5886 6421 4268 8060 10277 3502 4752 5512 6778 4277 2952 3732 6493 10177 10627 3199 5306 5765 4315 6638 8437 7608 4467 5724 7355 8511 4874 3983 4215 5453 8678 4637 5888 7315 6132 6758 10684 10677 3629 8784 7017 8259 2978 6815 7441 5588 6700 7809 10044 6723 5217 9969 4861 7542 9601 1422 8272 4027 1775 2236 1071 2191 4936 5945 4819 8786 9677 8574 8965 5482 10072 4430 7489 10303 5127 6683 740 201 2337 2677 936 8201 8551 8732 2807 5007 4274 7673 6174 4575 10497 6419 3014 2581 3058 3934 4673 3728 5048 8873 8279 9921 4294 6585 10778 10029 7878 6514 4790 2355 2431 10263 5222 6076 7323 7604 3969 6345 3207 5733 10470 6504 4691 5665 7112 5668 3244 9746 8494 4491 4550 2157 5144 7264 9843 5252 8104 6430 5947 1517 9316 2484 2175 7706 7126 2113 4989 4182 1933 3887 6232 3738 3871 6360 6676 2063 4388 1934 4039 10750 5452 7479 1844 571 3271 4771 6904 4435 1838 1967 2487 5409 2348 4002 7953 7549 2081 9668 1162 3086 7404 5734 7768 2784 5017 3466 9461 6545 3988 10297 5752 4411 6388 2697 8692 6505 10629 8719 3284 2111 10513 7114 3657 5892 2500 786 6908 9702 8253 8967 10346 2245 3063 9606 4263 2859 5373 9335 2645 3501 2893 6762 5762 4012 1269 1563 7181 8070 7005 8654 4644 3075 5180 3923 6928 3028 7092 1425 9899 1212 5591 2656 2630 7121 10096 9906 7894 7833 7665 5193 5827 4778 664 183 10037 5377 2050 10012 6428 3781 8365 3257 3802 9204 7101 3350 9266 1262 8667 2101 9218 2112 5311 1613 9542 5560 8263 1795 8661 1283 4577 7942 1776 1946 4132 2250 7851 6447 6094 2422 6776 
32 
49 
135 
283 
2788 
1829 
1823 
6136 
462 
1181 
2284 
7471 
4458 
4457 
4456 
4455 
4454 
4453 
4452 
1957 
1956 
6952 
805 
2110 
2106 
3309 
4877 
7094 
7093 
5220 
3930 
3929 
1920 
3002 
5404 
8844 
2879 
5244 
5243 
434 
4840 
5265 
5263 
8515 
8512 
8305 
1885 
297 
6337 
1371 
3395 
3393 
5685 
7371 
4106 
1287 
3238 
1284 
3214 
5971 
5969 
2253 
3634 
3632 
1761 
3591 
915 
2352 
1803 
530 
5656 
5655 
5654 
3358 
6838 
4130 
1098 
1096 
2930 
2929 
1298 
1215 
3053 
1926 
1346 
1343 
1066 
1331 
1329 
3981 
3979 
3977 
1882 
4118 
7802 
2918 
2916 
6481 
5463 
6651 
2972 
2971 
4567 
2126 
8440 
7501 
7500 
7498 
4253 
9769 
8367 
6246 
6454 
995 
6956 
6955 
5056 
4050 
1149 
2095 
6507 
6506 
4136 
2405 
4748 
2122 
3543 
2544 
4229 
3039 
3034 
1624 
4600 
2295 
2294 
2465 
1394 
3480 
1390 
3452 
3447 
2593 
1023 
2817 
7059 
7057 
3235 
2814 
6400 
4234 
5162 
5159 
5059 
6959 
4776 
2136 
2134 
5414 
1635 
3818 
3817 
2676 
3150 
3882 
414 
406 
1360 
1358 
2322 
4635 
3686 
651 
1253 
10333 
10332 
10399 
10331 
4578 
3383 
2189 
3567 
3993 
1753 
1749 
1163 
4164 
1161 
3042 
2105 
2104 
4399 
6298 
6295 
1209 
1208 
1206 
3138 
3137 
1081 
5246 
5245 
6756 
2558 
607 
9019 
9016 
3644 
1366 
2616 
2615 
2172 
1307 
3286 
3283 
2382 
2754 
1784 
1783 
28 
24 
64 
179 
56 
555 
529 
525 
1383 
5731 
5730 
3432 
3431 
3049 
2012 
5291 
2910 
1531 
4424 
6552 
6550 
4421 
2114 
1679 
6099 
1139 
1131 
1129 
1124 
1120 
1695 
1693 
4581 
2276 
2158 
5619 
4539 
3509 
4025 
4023 
2780 
1438 
1437 
1436 
1434 
2872 
770 
769 
1980 
3956 
3952 
6906 
3152 
2678 
5496 
5495 
1908 
1906 
2724 
2723 
6898 
5138 
5464 
1645 
3523 
5833 
4175 
3521 
452 
1498 
188 
2708 
2827 
2825 
2161 
1173 
1170 
1671 
1519 
357 
3801 
2411 
4851 
780 
778 
3059 
4791 
4200 
1479 
1478 
3582 
5753 
4850 
4847 
6270 
6268 
6266 
8602 
8867 
441 
881 
2538 
2503 
2501 
4110 
7993 
7175 
6159 
6157 
6156 
6155 
3935 
6004 
6003 
3771 
3367 
5375 
3365 
2920 
5669 
1420 
2287 
1602 
4890 
4889 
2519 
767 
3506 
3505 
6788 
2369 
4339 
10034 
10032 
10031 
2335 
2334 
4978 
2611 
2610 
2609 
6361 
7799 
6359 
4252 
8102 
7787 
7786 
7162 
5657 
6262 
4828 
4827 
259 
271 
1028 
1577 
1576 
1573 
457 
2015 
1220 
5486 
3159 
5834 
3202 
4348 
3201 
3200 
5653 
5652 
3718 
3717 
104 
1189 
2935 
5554 
5552 
5551 
8322 
8321 
7253 
6958 
4387 
2459 
2749 
2746 
3713 
5281 
5280 
3846 
1312 
5133 
1965 
3768 
3766 
1587 
5239 
5868 
5866 
7466 
8646 
7816 
7815 
6635 
3860 
4021 
4018 
2445 
3964 
6179 
1505 
2759 
2758 
3563 
4730 
3712 
5939 
5938 
2818 
9550 
4633 
3996 
6733 
6730 
6948 
5374 
4925 
4924 
6797 
6796 
6795 
1147 
5356 
10175 
2648 
3401 
5695 
3784 
5582 
2742 
5106 
2740 
5093 
5170 
5167 
398 
1355 
1350 
6182 
2171 
4490 
2671 
2003 
2229 
2228 
4001 
2219 
4535 
6653 
4533 
4528 
1979 
1991 
1990 
1043 
1038 
1035 
2703 
2702 
3855 
5395 
5394 
5393 
3267 
5567 
2441 
3198 
3868 
6389 
4198 
6376 
4196 
8352 
7341 
8347 
5638 
4661 
3976 
3974 
6192 
4876 
6967 
6966 
6522 
6521 
6520 
6518 
4400 
8255 
3228 
3227 
2822 
2000 
1999 
4267 
4266 
4265 
4092 
4287 
3666 
425 
1431 
2187 
2185 
4796 
4795 
7515 
7512 
1029 
1684 
3886 
6626 
6624 
6782 
6977 
6976 
6133 
7645 
6124 
3852 
3195 
6164 
3107 
3816 
8254 
6660 
6659 
6658 
3538 
2894 
7063 
6181 
4833 
8817 
8054 
7610 
5670 
4278 
6191 
6571 
5666 
2800 
2905 
5902 
5896 
5895 
7497 
9443 
4172 
5438 
5436 
4650 
3266 
2529 
5934 
3700 
3463 
3203 
4547 
7119 
6385 
1707 
5618 
4503 
682 
681 
3814 
4450 
4449 
4447 
4446 
3792 
4723 
4146 
4316 
3691 
3041 
2428 
2534 
306 
1118 
5348 
5605 
8288 
8286 
3205 
3219 
5611 
5875 
4476 
4474 
6279 
7735 
2861 
5219 
5108 
8796 
8795 
8413 
6816 
1567 
3695 
5929 
3693 
5316 
7153 
7150 
5313 
5312 
4656 
779 
3721 
3720 
1539 
509 
662 
7051 
8181 
7049 
4974 
5559 
5558 
6526 
6888 
4271 
7317 
7316 
9185 
9184 
9183 
9182 
8653 
4258 
2748 
6023 
2908 
2669 
5919 
5677 
5676 
6424 
4859 
4259 
5300 
2657 
5129 
5027 
5024 
2255 
4558 
5097 
5094 
2235 
4543 
4541 
4540 
6494 
6351 
10807 
10806 
10824 
10823 
10822 
10821 
1301 
3279 
4214 
4211 
4210 
962 
959 
2719 
6930 
6273 
5471 
5723 
1737 
6005 
7473 
5648 
5603 
5602 
5601 
5599 
6938 
6936 
3345 
3136 
2401 
4742 
4741 
8016 
6800 
10512 
10582 
10581 
8785 
10510 
10283 
3209 
9452 
2576 
2575 
2572 
3416 
4460 
5484 
4043 
3778 
3777 
4856 
3533 
3532 
5623 
6637 
6218 
5451 
7208 
7207 
5501 
3177 
2622 
5634 
2868 
4091 
3762 
5775 
6777 
9890 
9889 
9549 
7415 
5761 
9566 
9858 
6009 
4413 
6476 
6475 
6054 
3973 
5647 
5646 
7352 
584 
3785 
8128 
5585 
9529 
4124 
4029 
8355 
6668 
6667 
7848 
4332 
3825 
6954 
3873 
3872 
3854 
4393 
7396 
8378 
8377 
4618 
5538 
3044 
6765 
6764 
8211 
8209 
8208 
2801 
1559 
1557 
3834 
6069 
6068 
6067 
3830 
2530 
4770 
2762 
5597 
5596 
4508 
4820 
2642 
2988 
2987 
1901 
4133 
5182 
4912 
4911 
7906 
6574 
8550 
8548 
7006 
8156 
3259 
2549 
6489 
7867 
8674 
7865 
9201 
9199 
6725 
8668 
9211 
4372 
3450 
3295 
2761 
2392 
3147 
6110 
6109 
5905 
3891 
2839 
2838 
2834 
7077 
7074 
7073 
5203 
2373 
5737 
3422 
3417 
6100 
8380 
4031 
3434 
2673 
5449 
5448 
7617 
7616 
7614 
6689 
5400 
5399 
7179 
4900 
6373 
6965 
6964 
7368 
7155 
5513 
3104 
6478 
6103 
6649 
7930 
7927 
5230 
7084 
7082 
7080 
4168 
4167 
5489 
5697 
4376 
9591 
1040 
7110 
7841 
5351 
6429 
8121 
8858 
8119 
5318 
1735 
1734 
3960 
3288 
9873 
9872 
7189 
5835 
5114 
6809 
7158 
7443 
3730 
8840 
8182 
7531 
4756 
6366 
6619 
5012 
6962 
8635 
9178 
4616 
4614 
5965 
6379 
10275 
10274 
6410 
5061 
5023 
2852 
4908 
4906 
4367 
4766 
3642 
3641 
5072 
4283 
3081 
3080 
212 
210 
751 
2243 
4179 
4178 
4177 
747 
6698 
6697 
7324 
3192 
5508 
5507 
8274 
8273 
5862 
5859 
8691 
6534 
10448 
5661 
7001 
8146 
6442 
5419 
5418 
5417 
10764 
10763 
3172 
7226 
4773 
8770 
8769 
4068 
5679 
7715 
3031 
3026 
3025 
8982 
8979 
8176 
9498 
8455 
7619 
7018 
4594 
2360 
2358 
4221 
6229 
6582 
8453 
8452 
9782 
6895 
6894 
6893 
9140 
7231 
10641 
10640 
7322 
6963 
3633 
5988 
5987 
5986 
4119 
3163 
4377 
7165 
3751 
7552 
7550 
3749 
4781 
5304 
9564 
9827 
4622 
6709 
6706 
6704 
3310 
8077 
3321 
3319 
5613 
7321 
7546 
6418 
6414 
5810 
2598 
2596 
2951 
5340 
6473 
5344 
5326 
5324 
5323 
8022 
5208 
818 
817 
813 
4671 
6741 
7982 
7981 
6837 
6509 
6739 
4669 
4668 
5378 
6347 
7793 
7168 
7559 
6274 
6612 
6611 
6610 
6608 
6606 
6605 
6604 
6602 
6601 
10279 
10278 
6241 
9812 
9811 
9820 
9818 
10665 
10664 
10691 
9238 
8946 
6404 
6435 
6832 
6187 
7660 
7740 
8610 
6427 
9610 
7825 
7824 
6312 
5227 
5847 
5846 
5845 
7115 
6743 
6742 
7594 
7593 
9312 
7630 
6073 
7600 
8510 
8509 
8508 
6628 
7598 
6903 
6902 
7492 
8065 
4463 
6760 
6592 
7911 
8712 
1290 
6588 
6858 
6115 
7445 
3559 
6919 
5948 
5883 
5796 
5370 
8130 
8009 
8008 
6538 
7893 
6792 
6052 
6872 
6871 
8082 
8081 
8080 
8079 
8078 
4603 
6699 
6278 
8302 
8451 
8450 
8449 
9048 
8447 
9044 
8445 
7456 
7455 
7454 
6485 
6483 
6416 
4428 
5930 
7646 
8108 
6183 
5120 
8073 
8072 
8071 
9317 
8343 
8986 
9447 
8887 
8886 
6673 
6672 
6223 
6321 
7575 
7350 
10713 
4041 
3390 
5573 
10167 
10166 
6173 
7862 
6819 
6818 
7568 
7566 
5604 
4436 
6228 
7704 
6135 
5816 
5814 
4836 
4725 
8614 
7649 
7477 
7151 
5433 
5401 
8344 
8997 
6074 
5708 
8036 
7557 
8478 
8477 
3799 
3012 
5975 
5974 
6460 
6277 
7358 
7920 
6492 
6490 
6399 
7234 
3628 
4444 
4443 
2685 
3569 
4381 
3990 
9065 
9064 
8473 
8433 
8432 
9585 
9676 
4523 
6640 
7979 
3610 
7842 
7749 
8412 
8411 
4915 
8044 
8041 
6835 
8317 
8316 
7717 
8249 
6251 
7721 
7720 
6731 
4520 
7914 
7913 
7912 
4678 
6446 
2330 
2329 
4640 
6092 
6249 
9491 
9085 
9084 
8794 
7054 
8067 
8066 
5851 
5190 
6807 
8364 
7109 
5852 
6634 
7923 
9260 
9631 
9630 
6724 
9261 
8039 
3435 
6631 
6365 
5910 
7696 
3703 
5704 
7393 
7392 
7391 
5641 
5633 
4835 
8271 
8270 
8269 
6708 
6141 
4235 
6320 
7769 
6831 
8034 
7076 
6915 
8101 
8084 
5445 
3262 
6913 
6799 
4963 
4961 
7091 
8919 
7613 
3906 
7281 
7280 
5522 
3577 
5764 
7574 
8298 
8297 
8103 
3789 
3788 
2436 
6981 
9613 
9119 
9222 
7382 
8141 
10049 
10048 
10046 
10182 
10117 
10258 
9930 
9929 
8396 
8395 
6751 
5210 
7380 
4786 
4785 
8801 
8800 
3840 
6060 
7025 
5625 
7332 
8325 
7163 
5544 
9413 
8941 
9428 
9427 
9426 
9736 
9735 
8949 
6650 
7925 
8593 
8368 
8493 
9082 
9081 
7572 
10427 
10504 
10584 
10502 
3362 
10424 
6548 
6547 
6546 
6922 
7424 
6220 
6827 
9315 
5042 
7792 
8993 
8991 
8990 
7024 
8341 
4314 
7853 
7811 
7810 
8902 
9394 
8899 
6710 
8149 
8147 
9126 
4512 
4922 
4921 
4799 
4797 
7337 
9257 
9256 
9255 
9254 
9253 
8803 
4809 
4808 
4805 
4801 
4345 
5462 
8294 
7905 
9127 
7655 
7654 
8857 
10222 
10253 
10248 
10109 
5529 
9920 
9919 
9681 
9918 
6970 
6296 
8855 
8853 
8852 
9205 
9203 
9303 
9474 
9790 
9473 
7618 
7967 
6397 
6396 
10476 
9518 
9517 
7562 
7561 
4722 
7227 
6980 
8025 
8024 
5481 
5479 
5134 
4721 
3074 
3142 
8479 
8753 
9465 
2682 
4292 
917 
6772 
5767 
6144 
7653 
7652 
5537 
5535 
7247 
7891 
3938 
6917 
8838 
7658 
7657 
7269 
9487 
9135 
8276 
5174 
8174 
9043 
8442 
5290 
7125 
7503 
4929 
8539 
8538 
9111 
9494 
9493 
9051 
9050 
3182 
8055 
9822 
9530 
7991 
9817 
9816 
6332 
9582 
7603 
7265 
8006 
10077 
10076 
10232 
10261 
10260 
2065 
6781 
9515 
9075 
2667 
7104 
8505 
8504 
8503 
8502 
8613 
9576 
9575 
9574 
9833 
6398 
3073 
10362 
10421 
10420 
5788 
1754 
9496 
9419 
7351 
8356 
8339 
9074 
9514 
9806 
6613 
9513 
9072 
7120 
8235 
7578 
7577 
7583 
7582 
6028 
7580 
6331 
5153 
9711 
9710 
8324 
8323 
8032 
6467 
9645 
9644 
9643 
4090 
7638 
9221 
7135 
3800 
1694 
8637 
6503 
4123 
4642 
5278 
8233 
5457 
5455 
5454 
6645 
6644 
6642 
6641 
5345 
6564 
8223 
8723 
8722 
9830 
9829 
9342 
9902 
10121 
7187 
6259 
6258 
6563 
6561 
6559 
6558 
5085 
5084 
4686 
6044 
7590 
7588 
7586 
9289 
7656 
8731 
8287 
8851 
9336 
9680 
8251 
9088 
9799 
7881 
7935 
5336 
3682 
6513 
6511 
7069 
8193 
7108 
10262 
10296 
10299 
10380 
10447 
10414 
10395 
10390 
7081 
7458 
8421 
8419 
9033 
8418 
8357 
6205 
8111 
8110 
9170 
8643 
9142 
9141 
8983 
8177 
8603 
6867 
5774 
6390 
7334 
8029 
8028 
8026 
7414 
7399 
4995 
4994 
4986 
6123 
7367 
7364 
7362 
8266 
5117 
7845 
7844 
9032 
9546 
9330 
9581 
9580 
9752 
9579 
9578 
9577 
9431 
10001 
10158 
10157 
9532 
8943 
9414 
8017 
7813 
7812 
10010 
9685 
10094 
10093 
8814 
8822 
8630 
6671 
8652 
9596 
9595 
9593 
9046 
9179 
8533 
8582 
7123 
7820 
8651 
9176 
9174 
9173 
9172 
8058 
4638 
7406 
5053 
8012 
8389 
9023 
9787 
9070 
9069 
8245 
8244 
8935 
8242 
8933 
8627 
8626 
7780 
7778 
7777 
6820 
7116 
7028 
8893 
8891 
8099 
7734 
9005 
8416 
9389 
9388 
6517 
8895 
8612 
8165 
8889 
6438 
6437 
6436 
8609 
8608 
7899 
9244 
9878 
10070 
10219 
10218 
10217 
10216 
10215 
10214 
10213 
10212 
10211 
10210 
10209 
2242 
10206 
10319 
10389 
10388 
7037 
2386 
10317 
10316 
10257 
10200 
10320 
3677 
9876 
10058 
10053 
9125 
9123 
9122 
9121 
9192 
9647 
10006 
10184 
10401 
10400 
9638 
6846 
4793 
10171 
10169 
9819 
10024 
10168 
10023 
8921 
9748 
9747 
9177 
9471 
6866 
7723 
7998 
8132 
8909 
7390 
6680 
7237 
9653 
9897 
7336 
5287 
2783 
9651 
9650 
5467 
7411 
9778 
9679 
8150 
7857 
7856 
3759 
9000 
6857 
9477 
8672 
8417 
8391 
8397 
8312 
8311 
8408 
9031 
8407 
8917 
9719 
4787 
10016 
10164 
10015 
10287 
9708 
9397 
9715 
9948 
10127 
9945 
10382 
10459 
10451 
7950 
8747 
9277 
8780 
8087 
8831 
7314 
7313 
7312 
7311 
7310 
10585 
10638 
10181 
7268 
7702 
7701 
7378 
7377 
8371 
8370 
8340 
8561 
2737 
10725 
10747 
10802 
10394 
9713 
9017 
5073 
9994 
4396 
9093 
9559 
10801 
10800 
10775 
8681 
8680 
6766 
10744 
10743 
10799 
10666 
9731 
8096 
10708 
10205 
10204 
10475 
10040 
9492 
10605 
10604 
10313 
10386 
10543 
10603 
10542 
10541 
10469 
10600 
10062 
4724 
6176 
4365 
6393 
10311 
9805 
9804 
9448 
9540 
9423 
9422 
2184 
9117 
10486 
10485 
10616 
10615 
10614 
10363 
10712 
6978 
10689 
10688 
10246 
10687 
10686 
10707 
10591 
10589 
10233 
4103 
6291 
6290 
6289 
6288 
6287 
2540 
10442 
10367 
7061 
6803 
3874 
2270 
10618 
10658 
10482 
10356 
10052 
10050 
9739 
9737 
9512 
6622 
6621 
4608 
9372 
9137 
8789 
7747 
4445 
10202 
10786 
9373 
2167 
7725 
10672 
10670 
9499 
8992 
10343 
10342 
10341 
10492 
10490 
10564 
799 
9196 
9045 
7983 
7245 
7670 
7668 
5626 
9823 
9416 
9369 
8570 
4290 
7053 
9835 
10339 
10457 
8841 
8648 
9090 
9555 
8091 
8090 
9917 
8429 
9649 
9648 
6900 
8075 
9328 
9327 
9325 
9523 
9522 
7875 
9600 
9852 
9850 
9617 
9616 
9227 
9598 
9597 
10138 
10419 
10669 
10668 
10667 
10625 
9510 
9809 
10523 
10499 
10568 
10255 
10254 
9403 
10565 
8913 
8912 
10430 
10509 
10636 
10722 
7058 
10716 
10734 
10808 
10755 
10732 
9770 
8830 
6572 
6678 
5749 
5748 
6333 
3176 
10678 
10450 
9773 
10634 
10567 
10286 
10676 
10675 
10682 
10718 
10737 
10762 
10811 
10152 
10228 
10227 
10336 
10407 
10406 
10405 
8765 
9285 
10335 
10224 
10229 
9992 
1351 
9568 
2042 
9995 
8746 
10656 
10592 
10477 
10819 
10644 
10643 
8184 
7064 
10856 
10868 
10867 
10866 
9967 
7241 
10818 
10817 
10833 
10832 
10624 
10652 
10651 
8737 
8736 
8601 
7939 
9883 
8818 
8425 
7330 
5729 
111 
7464 
712 
2339 
10089 
10088 
10087 
10086 
9904 
9903 
8870 
10772 
10439 
10795 
10794 
10793 
10792 
10535 
10770 
10769 
10768 
10783 
10782 
10694 
10693 
10692 
10781 
10221 
8957 
8240 
8239 
7709 
5339 
3804 
2567 
10741 
9290 
10720 
10740 
10767 
10791 
10831 
10727 
10583 
10126 
10637 
3848 
10191 
10190 
10307 
9801 
9056 
9509 
8788 
9298 
8980 
7204 
4160 
9349 
8059 
5893 
9464 
9675 
5253 
2668 
3460 
2249 
10435 
10814 
10813 
10870 
10869 
9482 
10337 
10402 
10304 
9993 
10698 
10697 
10731 
10528 
10527 
9999 
9765 
9764 
9763 
9345 
9462 
9730 
9729 
9728 
4858 
8914 
10828 
10854 
10853 
10852 
7776 
10230 
10338 
7997 
9355 
8825 
8824 
7105 
7258 
10850 
10865 
10873 
10617 
9086 
8003 
8733 
9272 
8291 
9458 
9470 
7736 
1447 
1445 
1442 
9454 
3756 
10847 
10863 
10862 
7684 
7683 
8565 
5183 
3079 
4952 
10861 
10872 
10871 
9767 
10859 
10289 
3155 
10851 
10838 
9978 
9977 
10146 
3397 
9975 
7910 
6021 
9754 
3921 
4174 
10803 
10826 
10825 
7870 
7869 
7868 
7711 
2923 
10695 
10789 
10765 
9984 
9656 
9900 
10241 
5741 
10084 
9441 
9971 
9742 
9741 
10130 
10129 
9949 
9450 
5013 
6943 
9438 
8964 
1924 
10358 
10357 
8289 
10237 
10347 
1738 
10235 
8768 
8767 
9654 
7214 
7213 
5470 
7852 
8464 
8463 
8462 
8170 
4256 
7215 
10738 
9985 
9968 
8372 
10375 
10779 
10777 
10660 
9740 
10729 
10728 
8350 
7547 
9472 
10685 
9007 
10633 
10699 
8934 
10759 
10758 
8809 
8808 
10534 
3211 
10250 
10702 
6877 
10522 
10432 
8999 
10525 
10524 
10519 
10293 
9365 
8998 
8544 
8543 
8542 
8541 
5809 
5465 
4747 
4079 
5595 
9744 
9973 
2414 
4762 
10631 
10630 
7159 
10596 
10595 
10646 
10645 
4301 
10440 
10576 
10575 
10659 
8633 
7847 
2717 
4461 
10495 
5778 
5776 
10288 
10573 
10572 
10571 
10570 
4434 
4360 
10506 
10622 
10560 
10621 
10620 
4527 
10558 
9855 
9810 
9537 
9535 
9587 
7363 
152 
5367 
9840 
9846 
9777 
9533 
9838 
10027 
9488 
6810 
10028 
9842 
7818 
5031 
4707 
4684 
3550 
9553 
7344 
10428 
10505 
8958 
10494 
10438 
10415 
8910 
10374 
10325 
8890 
9333 
9332 
9326 
9015 
9937 
10433 
10531 
10352 
10143 
10370 
8706 
8703 
8702 
9870 
9963 
9961 
10309 
10308 
10188 
10305 
10120 
9087 
7904 
8710 
9246 
9245 
8711 
10061 
9887 
9563 
9560 
8142 
8394 
8133 
4040 
8157 
8884 
8883 
5308 
10196 
10384 
10467 
10602 
10683 
9717 
9495 
4950 
10412 
10411 
8947 
6791 
9210 
6910 
7184 
1457 
10549 
10548 
10547 
9923 
10290 
9558 
9557 
5756 
7417 
5426 
9781 
10095 
9821 
8549 
9665 
9618 
8792 
7861 
7860 
8129 
8172 
4418 
8406 
9234 
6805 
5872 
5361 
5303 
5118 
7432 
7958 
9637 
8750 
7921 
3329 
8487 
8486 
8485 
8483 
9815 
9808 
9814 
7584 
9232 
9231 
8472 
9107 
9106 
7797 
8547 
9169 
7961 
6623 
8961 
8960 
8519 
7994 
9439 
10259 
10240 
9757 
9991 
9990 
9989 
10004 
10003 
10002 
8816 
4116 
8002 
8001 
3097 
8592 
9009 
9008 
8360 
6364 
8086 
2194 
4250 
9294 
8248 
7495 
9935 
10282 
9934 
3444 
876 
9928 
2786 
9695 
6195 
10360 
10187 
9247 
9278 
5305 
6026 
9766 
8639 
8638 
8480 
5829 
5828 
10136 
7686 
8431 
8807 
8161 
9399 
9716 
9398 
9115 
4361 
10155 
7238 
10154 
8805 
9796 
1476 
9795 
9794 
8599 
9508 
4390 
10064 
10322 
10552 
10551 
9353 
8018 
7356 
5069 
4938 
10612 
10611 
3268 
10413 
2743 
7941 
6576 
3819 
5068 
10478 
9836 
5766 
10198 
10197 
6969 
2911 
9879 
9981 
9980 
9979 
9784 
9237 
9236 
7329 
10834 
9673 
6325 
6185 
6050 
3842 
3239 
9058 
8074 
9502 
8894 
8882 
8881 
9377 
8878 
8460 
7563 
9751 
9750 
9749 
9162 
8665 
9197 
7052 
9313 
9297 
9296 
8783 
7041 
3160 
6565 
3946 
9079 
9078 
9301 
7877 
7801 
4683 
8836 
9225 
8163 
9321 
9320 
8985 
8819 
7757 
6654 
5039 
1150 
8088 
6160 
9826 
10302 
10301 
10348 
10018 
4080 
10350 
6705 
5700 
6987 
5071 
9104 
9103 
9393 
9392 
9091 
9944 
10267 
10266 
10265 
9953 
9460 
10134 
10355 
10354 
3349 
9727 
9725 
9724 
9958 
9957 
9040 
9343 
9615 
8748 
7821 
7532 
6600 
9671 
10108 
10107 
8467 
9915 
9914 
9956 
10104 
10247 
10353 
10102 
10101 
9911 
10100 
10099 
10098 
10097 
9868 
9697 
9612 
8738 
8607 
7177 
9627 
9453 
8562 
7972 
6261 
10124 
10123 
9942 
9941 
9939 
9640 
7756 
7755 
8622 
7754 
8636 
8658 
8531 
9190 
9189 
7954 
8740 
8739 
9270 
9269 
8563 
4690 
8498 
8497 
7370 
8376 
7631 
9480 
9780 
9310 
10610 
10609 
9308 
9307 
9658 
9657 
7680 
8136 
8135 
8134 
6975 
2735 
2733 
2731 
4714 
10180 
10179 
8942 
9686 
9831 
4755 
3972 
6408 
9430 
9429 
10192 
8955 
10516 
10515 
7090 
9049 
7889 
7863 
3843 
7308 
7307 
7306 
7305 
7304 
7303 
7302 
7301 
7300 
8301 
8336 
8335 
6840 
4272 
7298 
7297 
7296 
7295 
7294 
7293 
7292 
7291 
7290 
7289 
7288 
7919 
7713 
8591 
7712 
4761 
991 
5818 
4649 
9038 
9037 
9036 
5841 
8724 
8499 
8092 
7379 
9607 
3608 
9433 
8162 
4792 
9171 
8521 
8366 
9145 
5271 
9265 
9128 
8525 
10014 
9376 
7728 
8062 
5461 
9933 
9932 
8714 
6434 
4601 
689 
8043 
9138 
10393 
10300 
10256 
9357 
10323 
7357 
5687 
8915 
7579 
5819 
7242 
2841 
9271 
3498 
5407 
9972 
9703 
9095 
7384 
6209 
5337 
6675 
6674 
5606 
3050 
9148 
4945 
4944 
4943 
4941 
9789 
9788 
9251 
9626 
9625 
9874 
10106 
10105 
5794 
9136 
7194 
9712 
9501 
8037 
5555 
3250 
3023 
10017 
7366 
9738 
9481 
9611 
6107 
8040 
8741 
6025 
3243 
9230 
9156 
8588 
6583 
6049 
8439 
6072 
4298 
9504 
9664 
9663 
9662 
9859 
9807 
8126 
6281 
7933 
7931 
9281 
9198 
9604 
9760 
9759 
7854 
7746 
7744 
6957 
5659 
8615 
8278 
7938 
4672 
1515 
7612 
8046 
8045 
7048 
7047 
7046 
4464 
4087 
2148 
4466 
2147 
2139 
1804 
278 
8904 
8189 
8188 
8187 
8186 
8229 
8227 
8226 
7257 
9249 
9248 
10071 
8810 
3339 
9669 
9516 
7169 
4999 
7527 
7526 
7504 
4902 
4901 
3994 
5332 
2547 
4919 
2889 
6632 
8250 
8827 
8689 
8688 
8842 
6371 
8937 
7716 
3791 
5268 
5266 
6763 
5797 
6761 
6480 
2020 
7996 
6951 
6254 
4680 
6066 
5985 
5 
6824 
8180 
6384 
9089 
8931 
8930 
9408 
9551 
7022 
9954 
8409 
9406 
8506 
7239 
8131 
8206 
8205 
7326 
8346 
8105 
8926 
7592 
5856 
5855 
5853 
4767 
9411 
9409 
9063 
8679 
8776 
8721 
8812 
8811 
8761 
8107 
6812 
4697 
3625 
3621 
3620 
7386 
7726 
8620 
6166 
4058 
9678 
8877 
9375 
8329 
8328 
8027 
3955 
7263 
8330 
7262 
7261 
7260 
3313 
1666 
9552 
8715 
3522 
8100 
9970 
9229 
9793 
9792 
9791 
9997 
8560 
7423 
6629 
8594 
8556 
8555 
6456 
5357 
7198 
7107 
7831 
9194 
7751 
7389 
4317 
5131 
2722 
4186 
4971 
9410 
4422 
4968 
2604 
7191 
5422 
5421 
5420 
6119 
7634 
7185 
6029 
4105 
3829 
7753 
2174 
8334 
8237 
8236 
5751 
9241 
9240 
8194 
5571 
9239 
9324 
9223 
7609 
7442 
8290 
7952 
7951 
5943 
3902 
6113 
5524 
5823 
5822 
2150 
8420 
7832 
6130 
6128 
2563 
2562 
7767 
2521 
274 
1097 
2432 
909 
7737 
3779 
3459 
4662 
4216 
3654 
5368 
6655 
8384 
6487 
6065 
7065 
6889 
4255 
7992 
7835 
298 
8923 
9041 
8974 
8526 
3045 
821 
2377 
3535 
5803 
5801 
5494 
5493 
3051 
7026 
3415 
7402 
7145 
7144 
4639 
5296 
4165 
2973 
8171 
8238 
7671 
7407 
8374 
8779 
8393 
8475 
7647 
7376 
7333 
5817 
7978 
7977 
7976 
7975 
7714 
5251 
5250 
5249 
2434 
6106 
6402 
5051 
5710 
7394 
3733 
2480 
2488 
1402 
873 
4918 
8584 
8583 
7695 
6773 
5607 
1865 
2664 
10092 
10091 
10090 
8436 
3573 
7233 
6203 
5628 
9368 
3162 
8476 
9588 
8241 
6747 
2333 
8580 
8579 
8578 
4582 
3731 
7688 
10243 
10148 
8763 
5476 
5475 
5474 
5095 
548 
1825 
9886 
9885 
8775 
6118 
6292 
5877 
5876 
5137 
6899 
5758 
9226 
9621 
9147 
3544 
9395 
9099 
9098 
9109 
9284 
9283 
5746 
9133 
9132 
4392 
451 
4768 
4696 
7694 
5610 
8234 
7648 
4264 
8529 
9042 
8495 
8684 
8683 
8682 
6887 
7623 
7622 
7621 
10080 
6573 
7513 
6711 
5090 
4857 
8922 
9386 
9385 
9384 
9383 
8804 
8569 
8361 
8353 
9609 
9762 
9761 
2036 
4323 
4304 
4230 
2032 
1497 
9258 
8387 
8716 
8379 
6860 
8727 
8924 
7488 
6153 
6152 
6151 
4615 
8664 
7990 
9291 
9690 
9689 
9688 
9006 
6727 
6726 
9362 
9361 
9360 
9359 
9165 
8575 
8876 
4818 
8152 
5260 
2939 
3845 
8772 
8725 
5110 
2491 
1618 
1617 
1615 
7988 
7986 
7004 
6370 
6715 
6589 
5343 
4419 
3364 
8414 
5115 
4081 
7917 
8713 
7916 
3151 
2591 
7328 
7156 
6433 
4213 
7014 
6744 
6652 
6614 
3057 
2621 
1828 
511 
2108 
4703 
1864 
7535 
8434 
8428 
8109 
6911 
8139 
8427 
6198 
5504 
6502 
6501 
6499 
6498 
6497 
6686 
4954 
4030 
6318 
6317 
6314 
6051 
3847 
3240 
3372 
6358 
7210 
7034 
8307 
7730 
6584 
6591 
6972 
7537 
8522 
7009 
7795 
7235 
7664 
7663 
6367 
3701 
5970 
3579 
6013 
6012 
6011 
5830 
1256 
3118 
3932 
3914 
2627 
6224 
3280 
3175 
1672 
5047 
6237 
6236 
4953 
3704 
9219 
9217 
9188 
8605 
8518 
4472 
4470 
6488 
7252 
3770 
6541 
7896 
7895 
7201 
9068 
9067 
7887 
6217 
5526 
4667 
6738 
6737 
7985 
7984 
3971 
3308 
6735 
6682 
7560 
4814 
3405 
5317 
6033 
7969 
6995 
7319 
8306 
6813 
6441 
7846 
3954 
2958 
7569 
6210 
7693 
6215 
6213 
4842 
4841 
3103 
1676 
482 
9853 
9334 
9446 
3116 
8405 
4280 
5511 
4750 
6391 
9570 
8148 
6713 
6712 
6566 
6599 
6598 
6597 
6596 
6595 
6594 
6593 
6247 
7710 
4233 
6539 
7873 
7872 
7871 
4849 
10444 
9536 
6188 
3110 
3096 
10366 
10422 
10122 
8650 
5600 
5000 
10364 
10291 
9704 
4973 
10172 
9687 
8183 
8981 
6865 
8554 
8553 
8872 
8871 
1548 
4689 
3980 
5195 
3828 
8216 
8215 
5221 
3849 
5578 
3884 
2248 
1912 
5235 
4917 
2925 
6973 
7224 
8300 
8971 
8970 
8969 
4605 
7197 
6808 
4305 
6357 
7465 
5327 
4295 
6239 
5309 
3389 
1954 
4872 
4871 
3737 
3736 
3149 
2509 
2442 
3420 
7771 
8358 
6882 
9527 
9526 
9252 
8217 
6439 
7166 
6407 
8423 
4056 
8848 
8847 
7536 
5063 
5563 
9507 
9506 
9505 
9154 
8720 
7275 
8781 
9275 
9274 
9273 
585 
6214 
6186 
8284 
8283 
8282 
8281 
8280 
7469 
7468 
7467 
3493 
7928 
7430 
8399 
8398 
7320 
7426 
7425 
4308 
5781 
5780 
5650 
7626 
7011 
5218 
9060 
9059 
8210 
1896 
3212 
5525 
4939 
7193 
6570 
5802 
4096 
8799 
8798 
8797 
6322 
5890 
5889 
7487 
7462 
5277 
5887 
7481 
7480 
9641 
8966 
8123 
6353 
6260 
8757 
2350 
6804 
4630 
9340 
9339 
9337 
8659 
8404 
8936 
8403 
8402 
9030 
9029 
9028 
9027 
8576 
6646 
8400 
7576 
4574 
4397 
2511 
4621 
7157 
6510 
6086 
6085 
6403 
6082 
9143 
7779 
5880 
7478 
5918 
5917 
5916 
7520 
7519 
7518 
7517 
7516 
4951 
6881 
6880 
5799 
3758 
2969 
5275 
404 
8438 
4772 
4285 
1716 
3939 
7636 
5898 
5435 
7205 
5959 
5958 
5957 
6905 
7828 
6096 
6172 
5608 
3519 
7545 
7544 
8471 
8319 
5384 
5954 
7540 
7539 
7373 
7372 
6089 
2258 
4975 
2391 
7016 
4916 
6024 
6472 
6302 
2252 
1470 
6037 
6034 
2900 
5202 
5199 
7460 
7459 
4482 
6578 
6310 
6189 
5229 
7538 
3907 
4760 
8968 
5358 
4022 
3412 
5674 
5550 
6263 
6275 
3948 
7043 
6746 
6745 
7718 
7633 
7632 
7555 
6728 
6523 
6979 
5140 
3483 
5548 
8687 
9120 
8655 
6412 
7675 
7674 
6461 
6197 
6702 
7907 
6477 
8501 
1583 
1132 
8470 
8469 
8468 
1100 
7509 
7353 
7267 
5906 
4573 
4374 
3516 
1133 
1653 
514 
377 
139 
1914 
8534 
8386 
7570 
3036 
5735 
7209 
6864 
4153 
4405 
1575 
1866 
9159 
9584 
8314 
7644 
7138 
9157 
9014 
6580 
6313 
3688 
7774 
7773 
6525 
5289 
7960 
8760 
8759 
8758 
8698 
8697 
8696 
8318 
7511 
6007 
2123 
7437 
7436 
7340 
7745 
6334 
7484 
7136 
6695 
10409 
10408 
7964 
7962 
6692 
6328 
9208 
8571 
7782 
4219 
5924 
5923 
4300 
3870 
2551 
4927 
4926 
5322 
5709 
8310 
7416 
7339 
5907 
2747 
5105 
5104 
5103 
5102 
5101 
5100 
5099 
5098 
7139 
8095 
8094 
7987 
7183 
7133 
7677 
4749 
3877 
5060 
6960 
5237 
701 
6470 
5171 
3218 
8939 
7422 
7003 
8222 
8221 
8220 
7167 
6387 
8524 
5523 
2778 
2608 
7936 
72 
5163 
5874 
6046 
6045 
6569 
4958 
4782 
4042 
2802 
1492 
1490 
3600 
5843 
5815 
5391 
3596 
3595 
2614 
163 
156 
3429 
6759 
6524 
3347 
5533 
6806 
5531 
5434 
2263 
5721 
5720 
5717 
5716 
5645 
4225 
4873 
4629 
5590 
7274 
7273 
7272 
7271 
6038 
5587 
7276 
3428 
4529 
3898 
3776 
7463 
6448 
7072 
6138 
6685 
6684 
7897 
3407 
4181 
4327 
7450 
7449 
7448 
7447 
7446 
6779 
7186 
6121 
4905 
4904 
7946 
7945 
7944 
5547 
3619 
2638 
1441 
1273 
1271 
1270 
82 
5458 
1416 
7143 
7142 
7141 
7140 
3111 
5545 
5294 
6749 
6245 
3787 
777 
7444 
6755 
6380 
4145 
5160 
3029 
8662 
9096 
3237 
8214 
7814 
8598 
8160 
663 
5787 
5786 
4775 
3809 
3648 
5891 
7491 
2507 
2505 
690 
5667 
4982 
2170 
4557 
4556 
5562 
5350 
3374 
5680 
2594 
4442 
4440 
3631 
3003 
2962 
852 
4158 
3786 
3194 
5392 
5262 
3904 
1770 
2068 
4288 
6420 
6127 
4537 
3419 
667 
302 
5028 
2842 
1769 
4715 
7790 
7789 
3276 
3275 
4282 
2429 
2679 
4563 
4561 
6669 
6666 
4429 
6587 
3056 
2643 
5878 
36 
4481 
2132 
6793 
5790 
4625 
3303 
3744 
3741 
8173 
8010 
1852 
6016 
4674 
4914 
4319 
3077 
8000 
6754 
6752 
4743 
4169 
3100 
6770 
6768 
4257 
122 
417 
3113 
6901 
6240 
9556 
6985 
2832 
6057 
6946 
4195 
3836 
5870 
5773 
1569 
4783 
6350 
4296 
6233 
4979 
7032 
7031 
7030 
5430 
3783 
6994 
6471 
3010 
7418 
214 
1265 
9437 
9436 
9435 
9434 
5506 
9862 
9479 
7748 
6944 
6896 
6022 
2857 
7806 
5125 
6530 
6529 
6149 
6129 
2903 
3640 
926 
5030 
3335 
5621 
5620 
3333 
3332 
3331 
773 
4337 
4335 
3508 
4209 
5931 
3661 
2967 
8726 
8359 
8304 
7346 
4383 
4604 
6062 
6061 
6557 
7901 
4965 
3404 
5701 
1134 
8203 
8202 
8623 
3797 
8200 
7088 
3844 
7087 
7086 
376 
606 
47 
1227 
2030 
3354 
5643 
2344 
1036 
5566 
5565 
4251 
5715 
5714 
7398 
9348 
4104 
3975 
4483 
2644 
2212 
4531 
4171 
2895 
4350 
2696 
7490 
6862 
6665 
6401 
6116 
501 
5536 
5937 
5936 
5518 
6879 
5083 
5849 
5848 
5743 
3584 
7543 
6833 
1439 
1074 
6315 
733 
4320 
4410 
4409 
4408 
2568 
1156 
2325 
4653 
4651 
3808 
373 
4014 
6211 
4976 
1342 
3306 
1767 
7783 
8629 
7770 
7387 
7170 
6465 
1930 
7279 
7278 
7277 
4321 
3252 
1514 
4487 
4044 
3129 
2164 
6327 
7217 
7381 
7132 
588 
3739 
7482 
5363 
4590 
3541 
6618 
6617 
670 
5405 
4948 
2938 
2240 
4441 
2707 
7152 
7122 
5857 
6091 
4269 
3248 
3442 
746 
6064 
6063 
5825 
1612 
5864 
2550 
2957 
5933 
4763 
1728 
5136 
4311 
5158 
5157 
5155 
532 
2956 
6170 
3394 
5812 
5572 
5269 
4698 
993 
3553 
1108 
5483 
1179 
7219 
7218 
6935 
7882 
3032 
2712 
2711 
1689 
3623 
5283 
3991 
7822 
10207 
10013 
5530 
5649 
2884 
2125 
7286 
7285 
7284 
7283 
6006 
5564 
2867 
7345 
6639 
5259 
3755 
3549 
2378 
6790 
8645 
8596 
6417 
5699 
6786 
8068 
7963 
7419 
7079 
6868 
6870 
5346 
4860 
4370 
5543 
5542 
5541 
3040 
707 
5869 
6933 
937 
2887 
5757 
4843 
6343 
6342 
4719 
4003 
2115 
4015 
7525 
7060 
4612 
5078 
5077 
5076 
2222 
854 
2589 
5681 
5658 
836 
191 
4191 
5041 
5040 
3287 
4515 
4514 
1972 
1022 
2205 
2201 
2200 
2199 
6409 
7785 
6991 
6990 
6989 
7788 
8140 
8011 
7476 
9305 
7331 
6717 
3183 
2632 
5018 
3711 
479 
5899 
7176 
5718 
5557 
6620 
3348 
5334 
4832 
4825 
4824 
4572 
1560 
4380 
3528 
2826 
2542 
4985 
513 
2750 
6920 
2964 
4180 
3594 
2617 
8122 
7839 
7838 
5521 
4659 
5592 
3296 
6997 
6996 
6670 
4047 
4371 
910 
6354 
7766 
7765 
7764 
7763 
7762 
7761 
7760 
7759 
7758 
2423 
2059 
2055 
2054 
1651 
1650 
1649 
394 
2782 
4469 
4204 
6383 
4011 
4010 
4009 
3037 
1309 
2449 
623 
7628 
5725 
5477 
3790 
1788 
8820 
8631 
5186 
6789 
6163 
4260 
3117 
5997 
4478 
3145 
1714 
1547 
1089 
1690 
3486 
8309 
6352 
6841 
8051 
8050 
8049 
8048 
7924 
7287 
6918 
6093 
5692 
6627 
5113 
4142 
6349 
6348 
2625 
3674 
2984 
3068 
1620 
2844 
2694 
2202 
3112 
5745 
5279 
4996 
944 
942 
3446 
4846 
10329 
10328 
7798 
4997 
4159 
8846 
8845 
6468 
6316 
6330 
5675 
508 
5257 
4798 
3643 
5953 
5952 
5951 
5950 
5719 
4623 
4306 
4203 
3320 
5379 
5967 
6874 
6531 
8063 
2858 
1432 
3659 
2180 
4559 
2701 
4554 
4553 
4551 
3366 
3038 
22 
6496 
6495 
4544 
6701 
1486 
965 
15 
899 
5561 
3440 
4565 
3649 
2777 
1213 
3601 
5045 
5360 
7147 
7146 
6931 
6311 
5126 
4262 
2555 
2947 
1127 
3551 
1452 
1449 
3812 
3499 
541 
539 
5124 
2566 
2362 
2312 
7250 
2991 
6282 
6199 
5532 
2666 
460 
2629 
907 
7056 
6167 
7055 
7012 
5579 
2941 
2190 
160 
3835 
1637 
246 
3696 
3478 
3353 
3340 
1216 
4517 
3510 
2640 
2173 
4486 
4281 
2588 
4477 
3945 
3922 
7229 
4468 
4821 
4334 
2907 
2718 
401 
2647 
2799 
9485 
9484 
9483 
9469 
8313 
5914 
5913 
5912 
3673 
5267 
7486 
7347 
5325 
1973 
787 
3998 
1027 
6729 
6423 
5961 
5689 
5688 
4151 
4089 
6010 
3409 
4967 
4907 
5213 
5212 
3931 
810 
245 
4063 
6000 
5286 
5070 
6783 
4415 
6721 
6720 
6719 
7971 
6718 
7970 
6455 
1088 
578 
3027 
814 
1796 
1570 
1793 
4135 
4134 
1792 
3168 
8207 
7397 
2896 
5441 
5338 
3803 
2198 
7188 
6036 
5411 
2332 
4340 
3449 
1981 
1429 
2372 
2371 
6929 
6856 
6855 
6243 
4844 
3548 
5826 
3157 
4803 
6528 
6527 
5949 
5777 
5660 
4754 
4217 
3341 
598 
2983 
2772 
2760 
4366 
4634 
4131 
4511 
808 
2404 
1259 
2979 
5328 
4845 
2539 
2933 
6703 
6125 
7642 
7641 
6932 
6431 
5500 
4391 
2805 
3190 
3188 
3186 
5584 
755 
5672 
5439 
3518 
5214 
5200 
3598 
2732 
1871 
1869 
4433 
151 
3613 
2275 
2446 
1988 
10804 
3520 
5165 
1345 
3576 
8640 
8606 
7220 
6897 
6878 
5366 
3277 
5154 
2837 
2384 
7804 
6851 
6377 
4183 
4061 
2713 
3586 
6140 
4379 
2686 
1941 
1771 
2142 
2140 
1659 
3754 
3753 
3458 
6940 
6939 
6235 
4510 
3454 
3082 
6555 
6554 
6553 
4509 
3359 
6381 
5707 
3462 
5760 
3270 
4218 
3414 
2954 
2468 
537 
2959 
4758 
4757 
5996 
3408 
5995 
5994 
5993 
5992 
5991 
5990 
5989 
4346 
3067 
1582 
4115 
3361 
3589 
5944 
5389 
5740 
2564 
939 
1686 
2937 
2670 
4636 
4602 
4542 
2725 
4863 
6873 
4113 
4028 
2820 
1741 
6095 
4143 
3915 
3005 
2439 
2208 
1891 
1889 
1888 
5319 
5054 
3984 
1264 
3475 
3474 
2100 
1282 
3437 
1798 
3258 
3098 
2318 
59 
665 
3862 
1668 
737 
197 
1389 
3526 
3525 
3524 
1800 
3069 
1032 
2932 
1748 
6196 
4326 
6308 
4347 
3774 
1638 
743 
1969 
3655 
1467 
652 
3514 
3513 
3512 
1703 
1010 
908 
3165 
4109 
3561 
3171 
2553 
2495 
1858 
3008 
3007 
2070 
435 
4176 
2646 
3961 
2169 
1857 
2308 
5001 
976 
2341 
3490 
3489 
3488 
2739 
2338 
2193 
224 
5019 
341 
338 
336 
1205 
334 
95 
4497 
3102 
5141 
4812 
4117 
2427 
6324 
5964 
5574 
2946 
3547 
4238 
3683 
1566 
771 
653 
1046 
269 
2213 
1325 
3322 
2586 
2583 
2394 
4823 
1418 
739 
1554 
465 
1524 
1523 
219 
2970 
432 
2577 
5678 
5164 
5121 
3671 
3670 
3669 
4507 
3482 
878 
6020 
7635 
7096 
2813 
1846 
4241 
4240 
3723 
3249 
7548 
6769 
6019 
6018 
5739 
5387 
2623 
1895 
3726 
3725 
1541 
1860 
378 
1699 
804 
1947 
894 
2582 
372 
1451 
6032 
7581 
6031 
6030 
5640 
3568 
3294 
16 
66 
1810 
4052 
2216 
1709 
1743 
3928 
795 
793 
1496 
6081 
6080 
6079 
6078 
5365 
1936 
1915 
3496 
4228 
4227 
1009 
3495 
2374 
4810 
3213 
2866 
4566 
2864 
1084 
5795 
5022 
4532 
3760 
4208 
4207 
4206 
4706 
1268 
4710 
4247 
3234 
3233 
3231 
2890 
1320 
442 
1708 
1037 
2256 
2635 
3942 
1233 
4008 
3004 
3885 
3715 
1609 
1044 
731 
677 
1138 
966 
602 
1751 
2955 
1594 
672 
544 
8015 
5759 
4498 
4112 
3681 
1593 
3438 
2601 
1899 
4083 
3185 
2311 
4084 
2997 
718 
6146 
5169 
4940 
5492 
5491 
5490 
4242 
3853 
1004 
994 
4702 
4562 
2888 
2016 
4351 
1603 
2399 
4738 
2398 
2397 
4736 
4735 
4734 
4733 
3622 
35 
1910 
1466 
1501 
313 
2493 
3492 
5784 
7431 
2259 
1272 
5576 
5575 
5333 
4076 
4075 
4074 
4073 
4072 
4071 
4070 
4069 
3090 
2274 
3646 
3089 
2945 
5005 
5004 
5003 
6925 
6924 
6923 
6916 
5904 
5514 
5194 
4665 
3724 
1634 
1075 
520 
1423 
2776 
2233 
4359 
4358 
4357 
13 
2652 
2375 
2176 
625 
4273 
4154 
247 
1280 
1279 
1277 
1276 
339 
2728 
1526 
3940 
1404 
1344 
634 
1968 
1337 
1078 
1244 
3033 
680 
4307 
3439 
2230 
2592 
450 
8219 
7943 
7800 
5016 
4220 
4519 
3206 
2998 
869 
4663 
3685 
2585 
1836 
3076 
5397 
1692 
658 
656 
2014 
4284 
655 
3585 
1266 
4231 
1935 
1521 
1115 
1759 
1610 
5176 
4970 
3385 
3260 
1729 
2366 
888 
5684 
1816 
975 
1830 
1103 
1237 
211 
3425 
3424 
4654 
845 
2456 
2453 
2260 
1894 
843 
518 
1961 
1960 
1419 
1338 
215 
1843 
2109 
2038 
2693 
1801 
1550 
738 
736 
1701 
553 
3747 
3746 
3745 
3663 
3246 
2878 
2444 
1225 
4368 
1126 
5021 
3261 
3242 
4545 
4336 
4053 
3978 
1297 
1239 
1520 
1178 
2526 
4899 
4898 
4897 
4896 
4895 
4894 
4893 
4892 
4891 
2524 
228 
3108 
2297 
2803 
337 
3166 
2186 
1700 
3560 
456 
895 
5664 
3593 
2654 
2058 
1862 
1376 
2141 
1902 
2031 
3772 
6048 
6047 
5711 
5703 
5498 
5274 
4764 
3735 
3255 
2936 
3668 
5353 
199 
6422 
6226 
4677 
3515 
3507 
1822 
1821 
1187 
1142 
288 
33 
3992 
3398 
2992 
1789 
1007 
444 
2578 
2545 
1232 
5261 
5146 
782 
1898 
4342 
6464 
6463 
6462 
5813 
4480 
2179 
6537 
5388 
3719 
3119 
979 
734 
4853 
4518 
3071 
459 
3430 
1818 
594 
3105 
4607 
3189 
2279 
1678 
4935 
4934 
4933 
4932 
3316 
1790 
2426 
500 
1240 
2097 
969 
392 
572 
333 
2513 
4887 
4886 
4885 
4884 
4883 
4882 
4881 
4880 
4879 
2447 
772 
757 
4163 
4032 
974 
710 
2831 
5037 
5036 
5035 
5034 
5033 
3062 
2512 
2033 
1681 
1136 
1779 
1778 
5362 
4732 
1321 
1413 
1412 
1411 
1408 
1407 
1405 
420 
419 
833 
1996 
1995 
1417 
2926 
802 
1722 
1167 
2990 
1731 
1207 
100 
1944 
5473 
5020 
6947 
5321 
1606 
1578 
8383 
4045 
5390 
2037 
2885 
2317 
4187 
2223 
3866 
3865 
1870 
1571 
1667 
940 
914 
1662 
1648 
3869 
953 
951 
950 
949 
948 
725 
3883 
3232 
587 
1616 
593 
2152 
3851 
3540 
2481 
2224 
1922 
1106 
2305 
2304 
2303 
2302 
4613 
1399 
1397 
384 
2226 
2225 
2215 
2214 
1426 
134 
488 
1039 
284 
1833 
1832 
1831 
982 
3590 
3967 
3966 
3965 
2420 
3951 
2665 
469 
396 
1886 
243 
48 
6491 
5840 
3539 
5009 
4694 
2699 
2168 
2606 
848 
1473 
626 
1813 
3580 
2636 
2251 
1406 
616 
3864 
3304 
2074 
1797 
5371 
5273 
2924 
2554 
1267 
4310 
1468 
1600 
391 
4991 
6339 
5381 
5380 
4193 
624 
383 
2502 
1806 
4802 
4098 
4055 
2934 
1568 
2290 
2285 
4599 
4598 
4597 
4596 
4595 
3722 
1815 
1580 
1155 
2064 
1654 
3273 
3272 
3099 
2730 
2569 
2451 
3709 
3708 
393 
3707 
3706 
4726 
3461 
1137 
293 
1087 
1016 
964 
454 
785 
1962 
1892 
1911 
2881 
5248 
2880 
2698 
2069 
2018 
4302 
3672 
3184 
824 
1064 
1063 
1060 
1059 
332 
1238 
1148 
1812 
1006 
735 
1056 
1365 
330 
2476 
2473 
2472 
2471 
1341 
1160 
449 
3072 
382 
380 
1175 
764 
324 
321 
320 
103 
1045 
2457 
1469 
3381 
3254 
583 
1474 
1275 
1435 
416 
323 
1316 
7327 
1949 
1599 
1090 
1863 
1424 
629 
2798 
2565 
947 
546 
1900 
1286 
1977 
1976 
1975 
614 
613 
230 
4243 
3169 
1897 
1502 
641 
1970 
561 
4685 
3660 
3545 
3187 
221 
31 
2241 
399 
2211 
477 
2466 
2053 
2974 
3794 
752 
552 
919 
918 
291 
3472 
724 
2051 
885 
2850 
2849 
5226 
2848 
2847 
2846 
2845 
1562 
3793 
1005 
1460 
7571 
5396 
4017 
2499 
2498 
1705 
2301 
4737 
1055 
142 
4870 
8118 
8117 
8116 
8115 
8114 
8113 
8112 
6500 
6269 
7640 
2982 
4088 
34 
6264 
5792 
5460 
4185 
3821 
1861 
1710 
1598 
3467 
3024 
2821 
1471 
2525 
1983 
981 
800 
440 
222 
204 
775 
108 
1427 
559 
471 
1261 
1260 
329 
403 
63 
2919 
2470 
1083 
887 
1506 
3587 
3124 
3123 
7591 
2310 
3085 
2474 
679 
2705 
418 
182 
694 
1211 
4789 
4788 
10488 
3662 
2607 
2469 
1623 
900 
2300 
4427 
4188 
2396 
1336 
389 
619 
618 
540 
340 
6828 
4998 
542 
3290 
1998 
1872 
1726 
1725 
1724 
1723 
1254 
69 
216 
57 
622 
225 
1104 
279 
312 
309 
294 
85 
538 
1340 
1530 
921 
1230 
499 
4549 
4548 
2156 
2155 
2154 
2153 
1085 
2921 
2049 
2048 
2047 
2046 
307 
2217 
1680 
1647 
1296 
2269 
3588 
3896 
3895 
3894 
6111 
5331 
3893 
2376 
1352 
3371 
3370 
3369 
2590 
2571 
2508 
1868 
732 
1632 
1674 
1673 
1644 
551 
2454 
1921 
806 
986 
209 
2010 
2009 
2008 
573 
523 
522 
521 
146 
53 
52 
51 
1780 
503 
502 
517 
169 
249 
1304 
1303 
1302 
145 
351 
1310 
2704 
1146 
1510 
1509 
1508 
1507 
3664 
1222 
913 
589 
600 
599 
874 
205 
257 
2561 
5982 
5369 
5301 
5002 
4389 
2075 
1403 
37 
973 
359 
1848 
1288 
1278 
4647 
4646 
3950 
3511 
5793 
98 
161 
203 
71 
494 
534 
379 
366 
365 
364 
362 
361 
86 
2556 
2076 
1069 
1077 
155 
797 
470 
102 
55 
2267 
2266 
1533 
1250 
1249 
1248 
1095 
138 
7 
1475 
933 
310 
1629 
1628 
1627 
2768 
250 
2767 
2766 
2765 
2764 
1395 
1144 
1041 
371 
202 
1226 
2129 
2061 
4502 
4501 
4500 
2060 
1817 
711 
105 
2689 
2688 
159 
2072 
957 
686 
143 
784 
388 
3019 
5179 
3018 
3017 
3016 
2961 
809 
783 
241 
208 
178 
326 
636 
2013 
173 
172 
1210 
715 
78 
492 
491 
490 
461 
439 
1485 
1484 
1483 
1482 
1481 
1480 
803 
612 
117 
1093 
114 
2402 
415 
1527 
1217 
1982 
554 
2092 
644 
2091 
4432 
4431 
4293 
3876 
2090 
2089 
2088 
2087 
2086 
481 
478 
350 
635 
3095 
2573 
1704 
1491 
2349 
1964 
1190 
1992 
1574 
1532 
1014 
466 
2237 
400 
303 
217 
9 
1986 
290 
815 
730 
905 
3963 
3658 
1777 
455 
560 
436 
2892 
834 
437 
110 
1641 
6368 
5443 
3456 
3083 
1994 
1196 
1880 
1878 
1877 
1876 
1875 
1874 
1873 
1462 
640 
177 
1119 
1020 
646 
311 
3328 
3327 
3326 
3325 
3324 
3323 
3216 
970 
370 
2121 
322 
1047 
861 
1176 
3092 
3091 
978 
4815 
4141 
3527 
3423 
2347 
3269 
1099 
2188 
1251 
1221 
1247 
819 
812 
579 
296 
1730 
749 
505 
70 
929 
196 
193 
700 
1091 
860 
741 
659 
1174 
1049 
186 
1855 
1854 
1853 
74 
497 
174 
609 
608 
1923 
226 
5198 
1257 
720 
1182 
2808 
18 
1907 
980 
2745 
828 
2875 
2874 
2873 
2299 
1114 
325 
759 
4624 
3811 
2514 
1323 
996 
801 
3307 
2981 
319 
443 
880 
879 
875 
872 
863 
79 
27 
742 
1125 
1011 
353 
1918 
1917 
1916 
3911 
3451 
2599 
883 
258 
960 
1985 
1477 
1013 
4 
627 
233 
232 
368 
6 
1191 
2177 
1773 
1062 
1012 
1951 
1950 
898 
2824 
282 
50 
395 
687 
643 
374 
422 
68 
67 
140 
3388 
2272 
1398 
796 
402 
1362 
884 
877 
695 
903 
363 
1802 
1733 
3148 
2794 
2320 
1879 
1636 
1034 
2478 
564 
367 
342 
1002 
1001 
1000 
999 
998 
997 
431 
149 
164 
45 
44 
43 
42 
41 
40 
11 
2 
Execution Time: 24.1777ms
