The Following are strongly connected components in given graph 
9999 
9998 
9997 
9996 
9995 
9994 
9993 
9992 
9991 
9990 
9989 
9988 
9987 
9986 
9985 
9984 
9983 
9982 
9981 
9980 
9979 
9978 
9977 
9976 
9975 
9974 
9973 
9972 
9971 
9970 
9969 
9968 
9967 
9966 
9965 
9964 
9963 
9962 
9961 
9960 
9959 
9958 
9957 
9956 
9955 
9954 
9953 
9952 
9951 
9950 
9949 
9948 
9947 
9946 
9945 
9944 
9943 
9942 
9941 
9940 
9939 
9938 
9937 
9936 
9935 
9934 
9933 
9932 
9931 
9930 
9929 
9928 
9927 
9926 
9925 
9924 
9923 
9922 
9921 
9920 
9919 
9918 
9917 
9916 
9915 
9914 
9913 
9912 
9911 
9910 
9909 
9908 
9907 
9906 
9905 
9904 
9903 
9902 
9901 
9900 
9899 
9898 
9897 
9896 
9895 
9894 
9893 
9892 
9891 
9890 
9889 
9888 
9887 
9886 
9885 
9884 
9883 
9882 
9881 
9880 
9879 
9878 
9877 
9876 
9875 
9874 
9873 
9872 
9871 
9870 
9869 
9868 
9867 
9866 
9865 
9864 
9863 
9862 
9861 
9860 
9859 
9858 
9857 
9856 
9855 
9854 
9853 
9852 
9851 
9850 
9849 
9848 
9847 
9846 
9845 
9844 
9843 
9842 
9841 
9840 
9839 
9838 
9837 
9836 
9835 
9834 
9833 
9832 
9831 
9830 
9829 
9828 
9827 
9826 
9825 
9824 
9823 
9822 
9821 
9820 
9819 
9818 
9817 
9816 
9815 
9814 
9813 
9812 
9811 
9810 
9809 
9808 
9807 
9806 
9805 
9804 
9803 
9802 
9801 
9800 
9799 
9798 
9797 
9796 
9795 
9794 
9793 
9792 
9791 
9790 
9789 
9788 
9787 
9786 
9785 
9784 
9783 
9782 
9781 
9780 
9779 
9778 
9777 
9776 
9775 
9774 
9773 
9772 
9771 
9770 
9769 
9768 
9767 
9766 
9765 
9764 
9763 
9762 
9761 
9760 
9759 
9758 
9757 
9756 
9755 
9754 
9753 
9752 
9751 
9750 
9749 
9748 
9747 
9746 
9745 
9744 
9743 
9742 
9741 
9740 
9739 
9738 
9737 
9736 
9735 
9734 
9733 
9732 
9731 
9730 
9729 
9728 
9727 
9726 
9725 
9724 
9723 
9722 
9721 
9720 
9719 
9718 
9717 
9716 
9715 
9714 
9713 
9712 
9711 
9710 
9709 
9708 
9707 
9706 
9705 
9704 
9703 
9702 
9701 
9700 
9699 
9698 
9697 
9696 
9695 
9694 
9693 
9692 
9691 
9690 
9689 
9688 
9687 
9686 
9685 
9684 
9683 
9682 
9681 
9680 
9679 
9678 
9677 
9676 
9675 
9674 
9673 
9672 
9671 
9670 
9669 
9668 
9667 
9666 
9665 
9664 
9663 
9662 
9661 
9660 
9659 
9658 
9657 
9656 
9655 
9654 
9653 
9652 
9651 
9650 
9649 
9648 
9647 
9646 
9645 
9644 
9643 
9642 
9641 
9640 
9639 
9638 
9637 
9636 
9635 
9634 
9633 
9632 
9631 
9630 
9629 
9628 
9627 
9626 
9625 
9624 
9623 
9622 
9621 
9620 
9619 
9618 
9617 
9616 
9615 
9614 
9613 
9612 
9611 
9610 
9609 
9608 
9607 
9606 
9605 
9604 
9603 
9602 
9601 
9600 
9599 
9598 
9597 
9596 
9595 
9594 
9593 
9592 
9591 
9590 
9589 
9588 
9587 
9586 
9585 
9584 
9583 
9582 
9581 
9580 
9579 
9578 
9577 
9576 
9575 
9574 
9573 
9572 
9571 
9570 
9569 
9568 
9567 
9566 
9565 
9564 
9563 
9562 
9561 
9560 
9559 
9558 
9557 
9556 
9555 
9554 
9553 
9552 
9551 
9550 
9549 
9548 
9547 
9546 
9545 
9544 
9543 
9542 
9541 
9540 
9539 
9538 
9537 
9536 
9535 
9534 
9533 
9532 
9531 
9530 
9529 
9528 
9527 
9526 
9525 
9524 
9523 
9522 
9521 
9520 
9519 
9518 
9517 
9516 
9515 
9514 
9513 
9512 
9511 
9510 
9509 
9508 
9507 
9506 
9505 
9504 
9503 
9502 
9501 
9500 
9499 
9498 
9497 
9496 
9495 
9494 
9493 
9492 
9491 
9490 
9489 
9488 
9487 
9486 
9485 
9484 
9483 
9482 
9481 
9480 
9479 
9478 
9477 
9476 
9475 
9474 
9473 
9472 
9471 
9470 
9469 
9468 
9467 
9466 
9465 
9464 
9463 
9462 
9461 
9460 
9459 
9458 
9457 
9456 
9455 
9454 
9453 
9452 
9451 
9450 
9449 
9448 
9447 
9446 
9445 
9444 
9443 
9442 
9441 
9440 
9439 
9438 
9437 
9436 
9435 
9434 
9433 
9432 
9431 
9430 
9429 
9428 
9427 
9426 
9425 
9424 
9423 
9422 
9421 
9420 
9419 
9418 
9417 
9416 
9415 
9414 
9413 
9412 
9411 
9410 
9409 
9408 
9407 
9406 
9405 
9404 
9403 
9402 
9401 
9400 
9399 
9398 
9397 
9396 
9395 
9394 
9393 
9392 
9391 
9390 
9389 
9388 
9387 
9386 
9385 
9384 
9383 
9382 
9381 
9380 
9379 
9378 
9377 
9376 
9375 
9374 
9373 
9372 
9371 
9370 
9369 
9368 
9367 
9366 
9365 
9364 
9363 
9362 
9361 
9360 
9359 
9358 
9357 
9356 
9355 
9354 
9353 
9352 
9351 
9350 
9349 
9348 
9347 
9346 
9345 
9344 
9343 
9342 
9341 
9340 
9339 
9338 
9337 
9336 
9335 
9334 
9333 
9332 
9331 
9330 
9329 
9328 
9327 
9326 
9325 
9324 
9323 
9322 
9321 
9320 
9319 
9318 
9317 
9316 
9315 
9314 
9313 
9312 
9311 
9310 
9309 
9308 
9307 
9306 
9305 
9304 
9303 
9302 
9301 
9300 
9299 
9298 
9297 
9296 
9295 
9294 
9293 
9292 
9291 
9290 
9289 
9288 
9287 
9286 
9285 
9284 
9283 
9282 
9281 
9280 
9279 
9278 
9277 
9276 
9275 
9274 
9273 
9272 
9271 
9270 
9269 
9268 
9267 
9266 
9265 
9264 
9263 
9262 
9261 
9260 
9259 
9258 
9257 
9256 
9255 
9254 
9253 
9252 
9251 
9250 
9249 
9248 
9247 
9246 
9245 
9244 
9243 
9242 
9241 
9240 
9239 
9238 
9237 
9236 
9235 
9234 
9233 
9232 
9231 
9230 
9229 
9228 
9227 
9226 
9225 
9224 
9223 
9222 
9221 
9220 
9219 
9218 
9217 
9216 
9215 
9214 
9213 
9212 
9211 
9210 
9209 
9208 
9207 
9206 
9205 
9204 
9203 
9202 
9201 
9200 
9199 
9198 
9197 
9196 
9195 
9194 
9193 
9192 
9191 
9190 
9189 
9188 
9187 
9186 
9185 
9184 
9183 
9182 
9181 
9180 
9179 
9178 
9177 
9176 
9175 
9174 
9173 
9172 
9171 
9170 
9169 
9168 
9167 
9166 
9165 
9164 
9163 
9162 
9161 
9160 
9159 
9158 
9157 
9156 
9155 
9154 
9153 
9152 
9151 
9150 
9149 
9148 
9147 
9146 
9145 
9144 
9143 
9142 
9141 
9140 
9139 
9138 
9137 
9136 
9135 
9134 
9133 
9132 
9131 
9130 
9129 
9128 
9127 
9126 
9125 
9124 
9123 
9122 
9121 
9120 
9119 
9118 
9117 
9116 
9115 
9114 
9113 
9112 
9111 
9110 
9109 
9108 
9107 
9106 
9105 
9104 
9103 
9102 
9101 
9100 
9099 
9098 
9097 
9096 
9095 
9094 
9093 
9092 
9091 
9090 
9089 
9088 
9087 
9086 
9085 
9084 
9083 
9082 
9081 
9080 
9079 
9078 
9077 
9076 
9075 
9074 
9073 
9072 
9071 
9070 
9069 
9068 
9067 
9066 
9065 
9064 
9063 
9062 
9061 
9060 
9059 
9058 
9057 
9056 
9055 
9054 
9053 
9052 
9051 
9050 
9049 
9048 
9047 
9046 
9045 
9044 
9043 
9042 
9041 
9040 
9039 
9038 
9037 
9036 
9035 
9034 
9033 
9032 
9031 
9030 
9029 
9028 
9027 
9026 
9025 
9024 
9023 
9022 
9021 
9020 
9019 
9018 
9017 
9016 
9015 
9014 
9013 
9012 
9011 
9010 
9009 
9008 
9007 
9006 
9005 
9004 
9003 
9002 
9001 
9000 
8999 
8998 
8997 
8996 
8995 
8994 
8993 
8992 
8991 
8990 
8989 
8988 
8987 
8986 
8985 
8984 
8983 
8982 
8981 
8980 
8979 
8978 
8977 
8976 
8975 
8974 
8973 
8972 
8971 
8970 
8969 
8968 
8967 
8966 
8965 
8964 
8963 
8962 
8961 
8960 
8959 
8958 
8957 
8956 
8955 
8954 
8953 
8952 
8951 
8950 
8949 
8948 
8947 
8946 
8945 
8944 
8943 
8942 
8941 
8940 
8939 
8938 
8937 
8936 
8935 
8934 
8933 
8932 
8931 
8930 
8929 
8928 
8927 
8926 
8925 
8924 
8923 
8922 
8921 
8920 
8919 
8918 
8917 
8916 
8915 
8914 
8913 
8912 
8911 
8910 
8909 
8908 
8907 
8906 
8905 
8904 
8903 
8902 
8901 
8900 
8899 
8898 
8897 
8896 
8895 
8894 
8893 
8892 
8891 
8890 
8889 
8888 
8887 
8886 
8885 
8884 
8883 
8882 
8881 
8880 
8879 
8878 
8877 
8876 
8875 
8874 
8873 
8872 
8871 
8870 
8869 
8868 
8867 
8866 
8865 
8864 
8863 
8862 
8861 
8860 
8859 
8858 
8857 
8856 
8855 
8854 
8853 
8852 
8851 
8850 
8849 
8848 
8847 
8846 
8845 
8844 
8843 
8842 
8841 
8840 
8839 
8838 
8837 
8836 
8835 
8834 
8833 
8832 
8831 
8830 
8829 
8828 
8827 
8826 
8825 
8824 
8823 
8822 
8821 
8820 
8819 
8818 
8817 
8816 
8815 
8814 
8813 
8812 
8811 
8810 
8809 
8808 
8807 
8806 
8805 
8804 
8803 
8802 
8801 
8800 
8799 
8798 
8797 
8796 
8795 
8794 
8793 
8792 
8791 
8790 
8789 
8788 
8787 
8786 
8785 
8784 
8783 
8782 
8781 
8780 
8779 
8778 
8777 
8776 
8775 
8774 
8773 
8772 
8771 
8770 
8769 
8768 
8767 
8766 
8765 
8764 
8763 
8762 
8761 
8760 
8759 
8758 
8757 
8756 
8755 
8754 
8753 
8752 
8751 
8750 
8749 
8748 
8747 
8746 
8745 
8744 
8743 
8742 
8741 
8740 
8739 
8738 
8737 
8736 
8735 
8734 
8733 
8732 
8731 
8730 
8729 
8728 
8727 
8726 
8725 
8724 
8723 
8722 
8721 
8720 
8719 
8718 
8717 
8716 
8715 
8714 
8713 
8712 
8711 
8710 
8709 
8708 
8707 
8706 
8705 
8704 
8703 
8702 
8701 
8700 
8699 
8698 
8697 
8696 
8695 
8694 
8693 
8692 
8691 
8690 
8689 
8688 
8687 
8686 
8685 
8684 
8683 
8682 
8681 
8680 
8679 
8678 
8677 
8676 
8675 
8674 
8673 
8672 
8671 
8670 
8669 
8668 
8667 
8666 
8665 
8664 
8663 
8662 
8661 
8660 
8659 
8658 
8657 
8656 
8655 
8654 
8653 
8652 
8651 
8650 
8649 
8648 
8647 
8646 
8645 
8644 
8643 
8642 
8641 
8640 
8639 
8638 
8637 
8636 
8635 
8634 
8633 
8632 
8631 
8630 
8629 
8628 
8627 
8626 
8625 
8624 
8623 
8622 
8621 
8620 
8619 
8618 
8617 
8616 
8615 
8614 
8613 
8612 
8611 
8610 
8609 
8608 
8607 
8606 
8605 
8604 
8603 
8602 
8601 
8600 
8599 
8598 
8597 
8596 
8595 
8594 
8593 
8592 
8591 
8590 
8589 
8588 
8587 
8586 
8585 
8584 
8583 
8582 
8581 
8580 
8579 
8578 
8577 
8576 
8575 
8574 
8573 
8572 
8571 
8570 
8569 
8568 
8567 
8566 
8565 
8564 
8563 
8562 
8561 
8560 
8559 
8558 
8557 
8556 
8555 
8554 
8553 
8552 
8551 
8550 
8549 
8548 
8547 
8546 
8545 
8544 
8543 
8542 
8541 
8540 
8539 
8538 
8537 
8536 
8535 
8534 
8533 
8532 
8531 
8530 
8529 
8528 
8527 
8526 
8525 
8524 
8523 
8522 
8521 
8520 
8519 
8518 
8517 
8516 
8515 
8514 
8513 
8512 
8511 
8510 
8509 
8508 
8507 
8506 
8505 
8504 
8503 
8502 
8501 
8500 
8499 
8498 
8497 
8496 
8495 
8494 
8493 
8492 
8491 
8490 
8489 
8488 
8487 
8486 
8485 
8484 
8483 
8482 
8481 
8480 
8479 
8478 
8477 
8476 
8475 
8474 
8473 
8472 
8471 
8470 
8469 
8468 
8467 
8466 
8465 
8464 
8463 
8462 
8461 
8460 
8459 
8458 
8457 
8456 
8455 
8454 
8453 
8452 
8451 
8450 
8449 
8448 
8447 
8446 
8445 
8444 
8443 
8442 
8441 
8440 
8439 
8438 
8437 
8436 
8435 
8434 
8433 
8432 
8431 
8430 
8429 
8428 
8427 
8426 
8425 
8424 
8423 
8422 
8421 
8420 
8419 
8418 
8417 
8416 
8415 
8414 
8413 
8412 
8411 
8410 
8409 
8408 
8407 
8406 
8405 
8404 
8403 
8402 
8401 
8400 
8399 
8398 
8397 
8396 
8395 
8394 
8393 
8392 
8391 
8390 
8389 
8388 
8387 
8386 
8385 
8384 
8383 
8382 
8381 
8380 
8379 
8378 
8377 
8376 
8375 
8374 
8373 
8372 
8371 
8370 
8369 
8368 
8367 
8366 
8365 
8364 
8363 
8362 
8361 
8360 
8359 
8358 
8357 
8356 
8355 
8354 
8353 
8352 
8351 
8350 
8349 
8348 
8347 
8346 
8345 
8344 
8343 
8342 
8341 
8340 
8339 
8338 
8337 
8336 
8335 
8334 
8333 
8332 
8331 
8330 
8329 
8328 
8327 
8326 
8325 
8324 
8323 
8322 
8321 
8320 
8319 
8318 
8317 
8316 
8315 
8314 
8313 
8312 
8311 
8310 
8309 
8308 
8307 
8306 
8305 
8304 
8303 
8302 
8301 
8300 
8299 
8298 
8281 
8280 
8279 
8278 
8274 
8273 
8272 
8270 
8269 
8268 
8267 
8266 
8265 
8264 
8262 
8261 
8260 
8259 
8258 
8257 
8256 
8255 
8254 
8253 
8252 
8251 
8250 
8248 
8247 
8245 
8244 
8243 
8242 
8241 
8240 
8239 
8238 
8236 
8234 
8233 
8232 
8231 
8230 
8229 
8228 
8223 
8222 
8221 
8220 
8218 
8217 
8216 
8215 
8214 
8213 
8211 
8210 
8208 
8207 
8206 
8205 
8203 
8202 
8201 
8200 
8199 
8197 
8196 
8195 
8194 
8193 
8191 
8190 
8189 
8188 
8187 
8185 
8184 
8183 
8182 
8181 
8180 
8179 
8177 
8176 
8173 
8172 
8171 
8170 
8167 
8166 
8164 
8162 
8161 
8160 
8159 
8158 
8157 
8156 
8155 
8154 
8153 
8152 
8151 
8150 
8147 
8146 
8145 
8144 
8143 
8142 
8140 
8138 
8137 
8136 
8135 
8133 
8131 
8129 
8127 
8126 
8125 
8123 
8120 
8119 
8118 
8117 
8116 
8115 
8114 
8113 
8112 
8111 
8110 
8109 
8108 
8107 
8106 
8105 
8104 
8103 
8102 
8101 
8100 
8099 
8098 
8097 
8096 
8095 
8094 
8093 
8092 
8091 
8088 
8089 
8087 
8086 
8085 
8084 
8082 
8081 
8080 
8078 
8077 
8075 
8074 
8076 
8072 
8071 
8070 
8069 
8067 
8066 
8065 
8064 
8063 
8062 
8061 
8060 
8059 
8057 
8056 
8055 
8054 
8053 
8052 
8049 
8048 
8047 
8046 
8045 
8041 
8040 
8039 
8036 
8035 
8034 
8032 
8031 
8030 
8029 
8027 
8026 
8023 
8022 
8020 
8018 
8017 
8016 
8014 
8015 
8013 
8012 
8011 
8010 
8009 
8008 
8006 
8005 
8004 
8003 
8001 
8000 
7999 
7998 
7997 
7995 
7993 
7990 
7989 
7988 
7987 
7985 
7984 
7983 
7981 
7982 
7980 
7978 
7977 
7976 
7975 
7974 
7972 
7973 
7971 
7970 
7969 
7968 
7967 
7966 
7964 
7963 
7962 
7960 
7959 
7958 
7956 
7955 
7954 
7953 
7951 
7950 
7949 
7948 
7947 
7945 
7944 
7943 
7942 
7941 
7940 
7939 
7938 
7937 
7936 
7935 
7934 
7933 
7932 
7931 
7930 
7929 
7926 
7925 
7923 
7922 
7920 
7919 
7918 
7917 
7916 
7915 
7914 
7911 
7907 
7906 
7905 
7904 
7903 
7902 
7901 
7900 
7898 
7897 
7896 
7895 
7894 
7893 
7892 
7891 
7889 
7888 
7887 
7886 
7885 
7884 
7883 
7880 
7878 
7877 
7876 
7875 
7873 
7872 
7870 
7869 
7868 
7867 
7866 
7865 
7864 
7863 
7861 
7859 
7858 
7856 
7854 
7853 
7852 
7851 
7850 
7849 
7848 
7847 
7846 
7845 
7844 
7843 
7842 
7841 
7838 
7837 
7836 
7834 
7832 
7831 
7830 
7829 
7828 
7827 
7826 
7825 
7824 
7823 
7822 
7821 
7820 
7818 
7817 
7816 
7815 
7814 
7812 
7811 
7808 
7807 
7806 
7805 
7804 
7802 
7801 
7800 
7798 
7796 
7794 
7793 
7792 
7790 
7789 
7787 
7786 
7785 
7784 
7783 
7782 
7781 
7780 
7779 
7777 
7776 
7775 
7774 
7773 
7772 
7771 
7770 
7769 
7768 
7767 
7766 
7764 
7762 
7761 
7760 
7759 
7758 
7756 
7755 
7754 
7753 
7752 
7751 
7750 
7749 
7748 
7747 
7746 
7745 
7744 
7743 
7742 
7741 
7739 
7738 
7737 
7736 
7733 
7732 
7731 
7729 
7728 
7727 
7725 
7724 
7723 
7722 
7721 
7720 
7719 
7718 
7717 
7716 
7715 
7714 
7713 
7712 
7711 
7710 
7709 
7706 
7705 
7704 
7703 
7702 
7700 
7698 
7697 
7696 
7693 
7692 
7689 
7687 
7686 
7685 
7684 
7682 
7681 
7680 
7679 
7678 
7677 
7676 
7674 
7671 
7670 
7667 
7665 
7664 
7663 
7661 
7660 
7659 
7657 
7656 
7655 
7654 
7650 
7645 
7644 
7643 
7641 
7640 
7639 
7638 
7637 
7635 
7633 
7631 
7630 
7629 
7628 
7627 
7626 
7625 
7623 
7622 
7621 
7619 
7617 
7616 
7615 
7614 
7613 
7612 
7611 
7610 
7609 
7608 
7607 
7606 
7605 
7603 
7602 
7601 
7600 
7599 
7598 
7597 
7596 
7595 
7594 
7592 
7591 
7589 
7586 
7585 
7584 
7582 
7581 
7580 
7579 
7578 
8165 
7577 
7576 
7575 
7573 
7572 
7571 
7570 
7569 
7568 
7566 
7565 
7564 
7563 
7562 
7560 
7559 
7558 
7556 
7555 
7554 
7552 
7551 
7550 
7549 
7548 
7547 
7546 
7545 
7543 
7542 
7541 
7540 
7539 
7538 
7537 
7536 
7535 
7532 
7531 
7530 
7528 
7527 
7526 
7525 
7524 
7523 
7522 
7521 
7519 
7518 
7516 
7515 
7514 
7513 
7511 
7509 
7507 
7505 
7504 
7503 
7502 
7501 
7500 
7499 
7496 
7494 
7495 
7492 
7489 
7488 
7487 
7486 
7485 
7484 
7483 
7482 
7481 
7480 
7479 
7477 
7476 
7475 
7474 
7473 
7472 
7471 
7470 
7469 
7468 
7466 
7465 
7467 
7464 
7463 
7462 
7461 
7460 
7459 
7458 
7457 
7456 
7455 
7454 
7453 
7452 
7451 
7448 
7447 
7446 
7445 
7444 
7441 
7438 
7437 
7435 
7433 
7432 
7431 
7430 
7429 
7428 
7427 
7426 
7425 
7424 
7421 
7420 
7419 
7418 
7417 
7416 
7415 
7413 
7412 
7411 
7410 
7409 
7408 
7406 
7405 
7404 
7403 
7402 
7401 
7399 
7398 
7396 
7395 
7394 
7392 
7390 
7388 
7385 
7384 
7383 
7382 
7380 
7379 
7377 
7376 
7375 
7374 
7372 
7371 
7370 
7369 
7368 
7367 
7366 
7364 
7363 
7361 
7360 
7358 
7357 
7356 
7355 
7354 
7353 
7352 
7350 
7349 
7348 
7347 
7346 
7345 
7344 
7343 
7342 
7340 
7339 
7338 
7337 
7336 
7335 
7334 
7333 
7332 
7331 
7330 
7329 
7328 
7327 
7326 
7325 
7324 
7322 
7321 
7320 
7317 
7314 
7313 
7312 
7311 
7310 
7309 
7308 
7307 
7305 
7303 
7302 
7300 
7299 
7298 
7296 
7294 
7293 
7291 
7288 
7287 
7286 
7285 
7284 
7283 
7282 
7281 
7278 
7276 
7275 
7274 
7272 
7271 
7270 
7269 
7268 
7267 
7266 
7265 
7264 
7263 
7261 
7260 
7259 
7258 
7256 
7255 
7253 
7252 
7251 
7249 
7248 
7247 
7245 
7244 
7242 
7241 
7240 
7239 
7236 
7235 
7234 
7232 
7231 
7230 
7229 
7228 
7227 
7226 
7224 
7223 
7221 
7220 
7219 
7218 
7217 
7216 
7213 
7212 
7211 
7210 
7209 
7208 
7207 
7206 
7205 
7203 
7202 
7200 
7199 
7198 
7197 
7196 
7194 
7195 
7193 
7192 
7190 
7191 
7189 
7188 
7187 
7184 
7183 
7182 
7181 
7180 
7179 
7178 
7177 
7176 
7175 
7174 
7173 
7172 
7171 
7170 
7169 
7167 
7166 
7165 
7164 
7163 
7160 
7159 
7158 
7157 
7156 
7155 
7154 
7153 
7152 
7151 
7150 
7148 
7147 
7145 
7142 
7141 
7140 
7139 
7138 
7137 
7136 
7135 
7134 
7133 
7132 
7130 
7129 
7128 
7127 
7126 
7125 
7124 
7123 
7122 
7121 
7118 
7117 
7114 
7113 
7112 
7111 
7109 
7107 
7106 
7105 
7104 
7103 
7102 
7100 
7099 
7098 
7097 
7096 
7095 
7093 
7091 
7090 
7089 
7087 
7086 
7085 
7084 
7083 
7082 
7081 
7080 
7797 
7079 
7078 
7077 
7076 
7075 
7072 
7071 
7070 
7069 
7068 
7067 
7066 
7065 
7064 
7061 
7058 
7057 
7056 
7055 
7053 
7051 
7049 
7048 
7046 
7045 
7044 
7043 
7041 
7039 
7038 
7037 
7036 
7035 
7032 
7031 
7033 
7030 
7029 
7028 
7027 
7026 
7025 
7024 
7022 
7020 
7019 
7018 
7017 
7016 
7015 
7014 
7013 
7011 
7010 
7009 
7008 
7007 
7006 
7004 
7003 
7002 
7001 
7000 
6999 
6998 
6996 
6995 
6992 
6991 
6990 
6989 
6988 
6986 
6985 
6984 
6981 
6978 
6977 
6975 
6974 
6973 
6972 
6971 
6970 
6969 
6968 
6966 
6964 
6963 
6962 
6961 
6960 
6959 
6958 
6957 
6956 
6954 
6952 
6949 
6947 
6944 
6943 
6941 
6940 
6939 
6937 
6936 
6935 
6932 
6931 
6929 
6928 
6927 
6926 
6925 
6922 
6921 
6919 
6916 
6915 
6912 
6911 
6910 
6909 
6908 
6906 
6905 
6903 
6902 
6900 
6899 
6898 
6896 
6895 
6894 
6893 
6891 
6889 
6888 
6887 
6886 
6885 
6884 
6883 
6882 
6881 
6880 
6879 
6878 
6877 
6876 
6874 
6872 
6870 
6868 
6867 
6866 
6865 
6864 
6863 
6862 
6861 
6859 
6857 
6854 
6853 
6852 
6851 
6849 
6848 
6847 
6846 
6845 
6844 
6843 
6842 
6841 
6839 
6838 
6837 
6836 
6835 
6834 
6831 
6830 
6829 
6828 
6827 
6825 
6824 
6823 
6822 
6821 
6820 
6819 
6818 
6817 
6816 
6815 
6814 
6812 
6811 
6810 
6808 
6807 
6804 
6802 
6801 
6800 
6799 
6798 
6797 
6796 
6795 
6794 
6793 
6792 
6787 
6786 
6785 
6782 
6781 
6779 
6776 
6775 
6773 
6771 
6768 
6767 
6766 
6764 
6763 
6761 
6760 
6758 
6754 
6753 
6752 
6751 
6757 
6750 
6749 
6748 
6747 
6746 
6745 
6744 
6743 
6742 
6741 
6740 
6738 
6735 
6734 
6733 
6732 
6731 
6730 
6729 
6728 
6727 
6726 
6722 
6719 
6718 
6717 
6716 
6713 
6711 
6710 
6708 
6706 
6705 
6704 
6703 
6702 
6701 
6698 
6697 
6696 
6695 
6694 
6693 
6692 
6690 
6689 
6688 
6687 
6684 
6683 
6679 
6678 
6677 
6676 
6675 
6674 
6673 
6672 
6671 
6669 
6667 
6666 
6664 
6662 
6660 
6659 
6658 
6657 
6656 
6655 
6654 
6653 
6652 
6651 
6650 
6649 
6648 
6647 
6646 
6645 
6644 
6643 
6642 
6640 
6639 
6638 
6637 
6636 
6635 
6633 
6631 
6630 
6629 
6627 
6626 
6625 
6622 
6623 
6620 
6619 
6617 
6616 
6615 
6614 
6612 
6610 
6609 
6608 
6607 
6605 
6604 
6603 
6602 
6601 
6598 
6597 
6593 
6591 
6588 
6587 
6586 
6585 
6584 
6583 
6582 
6581 
6580 
6579 
6578 
6577 
6575 
6574 
6573 
6572 
6569 
6565 
6564 
6563 
6562 
6561 
6559 
6558 
6557 
6556 
6551 
6550 
6549 
6548 
6547 
6546 
6545 
6544 
6542 
6541 
6540 
6539 
6538 
6537 
6536 
6535 
6534 
6533 
6531 
6527 
6526 
6525 
6524 
6522 
6521 
6520 
6519 
6518 
6517 
6516 
6515 
6514 
6513 
6512 
6510 
6509 
6508 
6507 
6506 
6504 
6502 
6500 
6499 
6497 
6495 
6494 
6493 
6492 
6490 
6489 
6488 
6487 
6486 
6485 
6484 
6483 
6482 
6480 
6479 
6478 
6477 
6476 
6473 
6471 
6470 
6469 
6468 
6467 
6466 
6465 
6463 
6461 
6460 
6459 
6457 
6456 
6455 
6454 
6453 
6452 
6451 
6450 
6449 
6448 
6446 
6445 
6444 
6443 
6440 
6439 
6438 
6436 
6434 
6433 
6431 
6430 
6429 
6428 
6426 
6425 
6423 
6420 
6419 
6418 
6416 
6415 
6413 
6412 
6411 
6410 
6408 
6406 
6405 
6404 
6403 
6402 
6401 
6399 
6398 
6397 
6396 
6395 
6394 
6393 
6392 
6391 
6390 
6389 
6387 
6386 
6385 
6384 
6383 
6382 
6381 
6380 
6379 
6378 
6377 
6375 
6374 
6373 
6372 
6371 
6370 
6369 
6368 
6367 
6366 
6365 
6364 
6363 
6362 
6361 
6359 
6358 
6357 
6356 
6355 
6354 
6353 
6352 
6351 
6350 
6349 
6348 
6346 
6345 
6343 
6342 
6341 
6339 
6338 
6336 
6335 
6333 
6332 
6331 
6329 
6326 
6325 
6324 
6322 
6319 
6318 
6317 
6316 
6315 
6314 
6313 
6312 
6310 
6309 
6308 
6304 
6303 
6301 
6300 
6298 
6297 
6295 
6294 
6293 
6292 
6291 
6290 
6289 
6288 
6287 
6286 
6285 
6284 
6283 
6282 
6281 
6277 
6276 
6275 
6274 
6273 
6271 
6268 
6266 
6267 
6265 
6264 
6263 
6260 
6258 
6259 
6256 
6254 
6253 
6252 
6250 
6249 
6248 
6247 
6245 
6244 
6242 
6240 
6239 
6238 
6237 
6236 
6234 
6233 
6232 
6231 
6230 
6228 
6224 
6223 
6222 
6220 
6219 
6217 
6216 
6215 
6214 
6213 
6212 
6211 
6210 
6209 
6208 
6207 
6206 
6205 
6204 
6203 
6202 
6201 
6200 
6199 
6197 
6196 
6195 
6194 
6193 
6192 
6191 
6190 
6189 
6188 
6187 
6186 
6185 
6184 
6183 
6182 
6181 
6180 
6179 
6178 
6177 
6176 
6175 
6173 
6172 
6171 
6169 
6168 
6167 
6165 
6163 
6160 
6159 
6158 
6157 
6155 
6154 
6153 
6152 
6150 
6147 
6146 
6145 
6144 
6143 
6142 
6141 
6140 
6139 
6138 
6137 
6136 
6135 
6134 
6133 
6132 
6131 
6129 
6128 
6127 
6126 
6125 
6122 
6121 
6120 
6119 
6118 
6117 
6116 
6115 
6114 
6113 
6112 
6108 
6104 
6103 
6102 
6100 
6101 
6099 
6095 
6093 
6092 
6091 
6089 
6090 
6087 
6086 
6085 
6084 
6082 
6081 
6079 
6077 
6076 
6075 
6074 
6073 
6072 
6071 
6070 
6069 
6068 
6067 
6066 
6065 
6064 
6063 
6062 
6061 
6060 
6058 
6057 
6056 
6053 
6052 
6051 
6050 
6049 
6048 
6046 
6045 
6042 
6040 
6039 
6038 
6037 
6036 
6035 
6034 
6033 
6031 
6030 
6028 
6026 
6024 
6022 
6020 
6019 
6018 
6017 
6016 
6015 
6014 
6013 
6012 
6011 
6008 
6007 
6005 
6003 
6002 
6025 
5999 
5997 
6791 
5996 
5995 
5993 
5992 
5990 
5989 
5988 
5987 
5986 
5985 
5984 
5983 
5982 
5981 
5979 
5978 
5976 
5975 
5974 
5970 
5971 
5968 
5967 
5966 
5965 
5964 
5962 
5961 
5960 
5959 
5958 
5957 
5954 
5953 
5952 
5951 
5949 
5948 
5946 
5945 
5944 
5943 
5942 
5941 
5940 
5939 
5938 
5937 
5935 
5934 
5930 
5929 
5927 
5924 
5923 
5921 
5920 
5919 
5918 
5917 
5916 
5915 
5914 
5913 
5912 
5911 
5910 
5909 
5908 
5907 
5906 
5905 
5904 
5903 
5901 
5900 
5899 
5898 
5896 
5895 
5894 
5893 
5892 
5890 
5889 
5888 
5885 
5884 
5883 
5881 
5879 
5878 
5877 
5876 
5875 
5874 
5873 
5870 
5869 
5868 
5867 
5866 
5865 
5864 
5862 
5861 
5859 
5858 
5857 
5856 
5855 
5854 
5853 
5852 
5851 
5849 
5847 
5846 
5845 
5843 
5842 
5841 
5840 
5836 
5834 
5833 
5831 
5826 
5825 
5823 
5821 
5820 
5816 
5815 
6871 
5813 
5810 
5808 
5805 
5803 
5797 
5796 
5795 
5794 
5791 
5789 
5788 
5787 
5786 
5785 
5783 
5781 
5779 
5777 
5774 
5771 
5770 
5769 
5768 
5766 
5767 
5765 
5764 
5763 
5762 
5761 
5759 
5758 
5755 
5752 
5751 
5750 
5749 
5748 
5747 
5746 
5744 
5742 
5741 
5736 
5735 
5734 
5733 
5731 
5730 
5729 
5728 
5727 
5725 
5724 
5723 
5722 
5720 
5719 
5718 
5717 
5716 
5715 
5712 
5711 
5710 
5708 
5707 
5704 
5703 
5702 
5701 
5700 
5699 
5698 
5696 
5695 
5692 
5691 
5690 
5689 
5688 
5687 
5686 
5685 
5682 
5681 
5678 
5679 
5677 
5676 
5675 
5674 
5672 
5670 
5669 
5668 
5667 
5666 
5662 
5661 
5660 
5659 
5658 
5657 
5656 
5654 
5653 
5652 
5649 
5648 
5647 
5646 
5645 
5644 
5642 
5641 
5636 
5634 
5633 
5632 
5629 
5628 
5627 
5625 
5622 
5621 
5619 
5618 
5617 
5616 
5615 
5613 
5612 
5611 
5610 
5609 
5608 
5607 
5606 
5604 
5603 
5602 
5601 
5600 
5599 
5598 
5597 
5595 
5594 
5593 
5591 
5590 
5589 
5587 
5586 
5585 
5583 
5581 
5580 
5579 
5578 
5577 
5576 
5575 
5574 
5573 
5572 
5571 
5567 
5566 
5565 
5562 
5561 
5560 
5558 
5557 
5556 
5555 
5554 
5553 
5552 
5551 
5550 
5549 
5548 
5547 
5546 
5544 
5542 
5541 
5540 
5538 
5537 
5536 
5535 
5534 
5532 
5531 
5530 
5528 
5526 
5525 
5523 
5522 
5521 
5520 
5519 
5518 
5517 
5516 
5515 
5512 
5510 
5508 
5507 
5505 
5504 
5502 
5501 
5498 
5497 
5496 
5495 
5494 
5493 
5492 
5491 
5490 
5489 
5488 
5486 
5485 
5483 
5480 
5478 
5477 
5476 
5475 
5474 
5473 
5472 
5468 
5464 
5462 
5461 
5460 
5458 
5456 
5455 
5453 
5451 
5450 
5448 
5447 
5446 
5444 
5443 
5441 
5440 
5438 
5436 
5435 
5433 
5431 
5429 
5428 
5427 
5425 
5424 
5422 
5420 
5419 
5418 
5416 
5413 
5414 
5411 
5410 
5409 
5408 
5407 
5405 
5403 
5402 
5401 
5400 
5399 
5398 
5397 
5396 
5395 
5394 
5391 
5390 
5389 
5386 
5385 
5383 
5382 
5381 
5380 
5379 
5377 
5376 
5374 
5373 
5372 
5371 
5370 
5369 
5367 
5366 
5365 
5361 
5360 
5359 
5358 
5357 
5356 
5355 
5353 
5352 
5349 
5348 
5347 
5346 
5345 
5344 
5343 
5342 
5340 
5339 
5338 
5337 
5336 
5334 
5333 
5332 
5331 
5330 
5329 
5328 
5325 
5324 
5322 
5320 
5319 
5318 
5317 
5316 
5315 
5314 
5313 
5307 
5304 
5302 
5300 
5299 
5297 
5294 
5293 
5292 
5291 
5290 
5287 
5286 
5284 
5283 
5282 
5281 
5280 
5279 
5278 
5277 
5276 
5275 
5272 
5270 
5269 
5268 
5266 
5265 
5264 
5261 
5259 
5258 
5257 
5256 
5252 
5251 
5250 
5249 
5248 
5247 
5244 
5243 
5242 
5241 
5238 
5237 
5236 
5235 
5234 
5232 
5230 
5229 
5228 
5227 
5225 
5224 
5223 
5221 
5220 
5219 
5218 
5217 
5216 
5214 
5213 
5212 
5211 
5209 
5207 
5206 
5205 
5203 
5202 
5201 
5198 
5197 
5196 
5195 
5194 
5193 
5192 
5191 
5190 
5187 
5186 
5185 
5184 
5183 
5181 
5180 
5177 
5175 
5174 
5173 
5172 
5171 
5170 
5169 
5168 
5167 
5166 
5165 
5164 
5163 
5161 
5160 
5159 
5158 
5157 
5156 
5154 
5153 
5152 
5151 
5150 
5149 
5147 
5143 
5142 
5139 
5138 
5137 
5136 
5135 
5134 
5131 
5129 
5128 
5127 
5126 
5125 
5124 
5122 
5119 
5118 
5117 
5116 
5114 
5113 
5112 
5111 
5110 
5109 
5108 
5107 
5105 
5104 
5102 
6681 
5101 
5099 
5098 
5097 
5095 
5094 
5093 
5091 
5090 
5089 
5088 
5087 
5086 
5085 
5084 
5082 
5081 
5080 
5078 
5077 
5076 
5074 
5071 
5070 
5069 
5068 
5067 
5066 
5065 
5063 
5062 
5060 
5059 
5057 
5056 
5054 
5053 
5052 
5051 
5050 
5049 
5048 
5047 
5046 
5042 
5041 
5040 
5039 
5038 
5036 
5035 
5034 
5032 
5031 
5030 
5029 
5027 
5025 
5024 
5023 
5021 
5019 
5018 
5017 
5016 
5015 
5014 
5013 
5011 
5010 
5009 
5008 
5007 
5006 
5005 
5004 
5003 
5001 
5000 
4998 
4997 
4996 
4995 
4990 
4989 
4988 
4985 
4984 
4982 
4979 
4978 
4976 
4975 
4974 
4973 
4972 
4971 
4970 
4969 
4968 
4967 
4965 
4963 
4961 
4960 
4959 
4958 
4957 
4956 
4955 
4952 
4951 
4950 
4949 
4948 
4947 
4945 
4943 
4941 
4939 
4937 
4936 
4935 
4933 
4932 
4931 
4930 
4928 
4927 
4926 
4925 
4924 
4923 
4922 
4921 
4920 
4919 
4918 
4917 
4916 
4915 
4914 
4913 
4912 
4911 
4910 
4909 
4908 
4907 
4906 
4905 
4904 
4903 
4902 
4901 
4900 
4898 
4897 
4895 
4894 
4893 
4892 
4891 
4890 
4889 
4888 
4885 
4883 
4882 
4881 
4878 
4877 
4874 
4873 
4872 
4871 
4870 
4869 
4868 
4867 
4865 
4864 
4863 
4862 
4861 
4860 
4859 
4858 
4857 
4856 
4855 
4854 
4853 
4852 
4851 
4850 
4849 
4848 
4847 
4845 
4844 
4843 
4842 
4841 
4840 
4839 
4838 
4837 
4836 
4835 
4834 
4833 
4832 
4830 
4829 
6856 
4826 
4825 
4823 
4821 
4819 
4818 
4817 
4816 
4813 
4812 
4810 
4807 
4806 
4805 
4804 
4803 
4802 
4801 
4800 
4799 
4794 
4793 
4790 
4789 
4788 
4787 
4785 
4784 
4782 
4775 
4774 
4773 
4772 
4771 
4770 
4769 
4768 
4767 
4766 
4765 
4763 
4762 
4761 
4760 
4759 
4758 
4757 
4756 
4755 
4754 
4753 
4752 
4751 
4750 
4749 
4747 
4746 
4745 
4744 
4743 
4742 
4741 
4740 
4739 
4738 
4737 
4736 
4734 
4733 
4732 
4731 
4730 
4729 
4727 
4726 
4725 
4724 
4723 
4722 
4721 
4720 
4718 
4716 
4714 
4711 
4710 
4708 
4707 
4705 
4704 
4703 
4702 
4701 
4700 
4699 
4698 
4697 
4696 
4695 
4694 
4693 
4692 
4691 
4690 
4688 
4686 
4685 
4683 
4682 
4681 
4680 
4679 
4676 
4675 
4674 
4673 
4672 
4671 
4670 
4669 
4668 
4667 
4665 
4664 
4663 
4660 
4659 
4657 
4656 
4655 
4652 
4651 
4649 
4647 
4644 
4643 
4642 
4641 
4640 
4638 
4637 
4636 
4635 
4634 
4633 
4630 
4629 
4628 
4627 
4626 
4624 
4623 
4622 
4619 
4618 
4617 
4616 
4615 
4614 
4612 
4611 
4610 
4609 
4608 
4607 
4606 
4603 
4602 
4601 
4599 
4598 
4597 
4596 
4595 
4594 
4593 
4592 
4591 
4590 
4589 
4586 
4585 
4582 
4581 
4579 
4577 
4576 
4575 
4573 
4572 
4571 
4570 
4569 
4568 
4567 
4566 
4565 
4564 
4563 
4560 
4559 
4556 
4555 
4554 
4553 
4549 
4548 
4546 
4545 
4543 
4542 
4544 
4540 
4541 
4538 
4537 
4535 
4533 
4532 
4526 
4525 
4524 
4523 
4522 
4520 
4519 
4518 
4517 
4516 
4515 
4514 
4513 
4512 
4511 
4509 
4508 
4506 
4505 
4504 
4503 
4502 
4501 
4499 
4498 
4497 
4496 
4495 
4494 
4493 
4492 
4491 
4490 
4489 
4487 
4486 
5726 
4484 
4479 
4478 
4477 
4476 
4475 
4474 
4473 
4472 
4470 
4469 
4467 
4465 
4464 
4462 
4461 
4460 
4459 
4458 
4457 
4456 
4455 
4539 
4454 
4452 
4451 
4450 
4449 
4447 
4446 
4445 
4444 
4443 
4442 
4440 
4439 
4438 
4437 
4436 
4434 
4433 
4431 
4430 
4429 
4428 
4427 
4426 
4425 
4423 
4421 
4420 
4419 
4418 
4416 
4415 
4414 
4410 
4409 
4408 
4407 
4406 
4405 
4404 
4399 
4398 
4397 
4396 
4395 
4394 
4393 
4392 
4391 
4390 
4388 
4387 
4383 
4382 
4381 
4380 
4379 
4378 
4377 
4376 
4375 
4374 
4372 
4371 
4370 
4369 
4368 
4367 
4366 
4364 
4363 
4362 
4360 
4358 
4357 
4356 
4354 
4353 
4352 
4350 
4348 
4347 
4346 
4345 
4344 
4343 
4342 
4340 
4339 
4337 
4336 
4334 
4333 
4330 
4329 
4328 
4327 
4326 
4325 
4324 
4322 
4321 
4320 
4319 
4318 
4317 
4316 
4314 
4313 
4312 
4309 
4308 
4307 
4306 
4305 
4304 
4302 
4301 
4300 
4296 
4295 
4294 
4293 
4292 
4291 
4288 
4287 
4286 
4285 
4284 
4283 
4282 
4281 
4280 
4279 
4278 
4277 
4275 
4274 
4273 
4271 
4270 
4268 
4267 
4262 
4260 
4259 
4258 
4257 
4255 
4253 
4252 
4251 
4250 
4249 
4248 
4246 
4245 
4244 
4243 
4242 
4241 
4240 
4239 
4238 
4236 
4232 
4230 
4229 
4228 
4227 
4226 
4225 
4224 
4223 
4222 
4221 
4217 
4215 
4214 
4213 
4210 
4209 
4208 
4207 
4206 
4205 
4204 
4203 
4202 
4200 
4198 
4197 
4196 
4195 
4194 
4193 
4192 
4190 
4187 
4186 
4185 
4184 
4182 
4180 
4178 
4177 
4176 
4174 
4172 
4170 
4169 
4167 
4168 
4166 
4165 
4164 
4163 
4161 
4160 
4159 
4158 
4157 
4156 
4155 
4154 
4153 
4152 
4151 
4150 
4149 
4148 
4147 
4146 
4145 
4144 
4143 
4142 
4141 
4140 
4139 
4137 
4136 
4135 
4133 
4132 
4131 
4130 
4129 
4128 
4237 
4126 
4125 
4123 
4122 
4121 
4120 
4119 
4118 
4116 
4115 
4114 
4113 
4112 
4109 
4108 
4107 
4106 
4105 
4104 
4102 
4101 
4100 
4097 
4096 
4095 
4094 
4093 
4092 
4091 
4090 
4089 
4087 
4085 
4084 
4083 
4082 
4081 
4080 
4079 
4077 
4076 
4075 
4074 
4073 
4070 
4069 
4067 
4066 
4064 
4063 
4062 
4061 
4060 
4059 
4057 
4056 
4054 
4053 
4052 
4050 
4048 
4046 
4045 
4521 
4042 
4039 
4038 
4036 
4035 
4034 
4033 
4032 
4029 
4028 
4027 
4026 
4025 
4023 
4022 
4020 
4019 
4018 
4017 
4016 
4015 
4010 
4008 
4007 
4006 
4005 
4004 
4003 
4002 
4001 
4000 
3998 
3997 
3996 
3995 
3994 
3993 
3992 
3991 
3990 
3989 
3988 
3987 
3986 
3985 
3984 
3983 
3982 
3981 
3979 
3978 
3977 
3975 
3972 
3968 
3966 
3965 
3964 
3963 
3961 
3960 
3959 
3957 
3955 
3954 
3953 
3952 
3951 
3950 
3948 
3947 
3945 
3944 
3943 
3941 
3940 
3938 
3936 
3935 
3934 
3932 
3931 
3930 
3929 
3928 
3927 
3925 
3924 
3923 
3920 
3918 
3917 
3916 
3915 
3913 
3909 
3907 
3906 
3905 
3904 
3902 
3901 
3900 
3899 
3896 
3895 
3894 
3891 
3890 
3889 
3886 
3884 
3883 
3882 
3881 
3879 
3878 
3877 
3876 
3874 
3872 
3870 
3869 
3868 
3866 
3865 
3864 
3863 
3862 
3861 
3860 
3859 
3858 
3857 
3855 
3853 
3852 
3851 
3850 
3848 
3846 
3845 
3844 
3841 
3840 
3839 
3838 
3837 
3836 
3834 
3833 
3831 
3829 
3828 
3827 
3826 
3824 
3823 
3821 
3820 
3819 
3818 
3817 
3815 
3814 
3810 
3805 
3802 
3801 
3799 
3798 
3795 
3794 
3793 
3791 
3790 
3789 
3788 
3786 
3784 
3783 
3782 
3781 
3780 
3779 
3778 
3777 
4413 
3775 
3774 
3773 
3771 
3768 
3767 
3766 
3765 
3764 
3763 
3762 
3761 
3760 
3759 
3758 
3757 
3756 
3754 
3753 
3751 
3750 
3749 
3747 
3746 
3744 
3743 
3742 
3741 
3740 
3739 
3738 
3736 
3735 
3734 
3733 
3732 
3731 
3730 
3729 
3728 
3727 
3725 
3723 
3722 
3721 
3719 
3718 
3716 
3715 
3714 
3712 
3711 
3710 
3709 
3707 
3706 
3705 
3704 
3703 
3702 
3700 
3699 
3698 
3697 
3696 
3695 
3694 
3693 
3692 
3690 
3689 
3688 
3687 
3686 
3685 
3684 
3683 
3682 
3679 
3678 
3677 
3676 
3675 
3674 
3673 
3672 
3668 
3667 
3666 
3665 
3663 
3662 
3659 
3658 
3657 
3656 
3655 
3654 
3653 
3652 
3651 
3649 
3648 
3647 
3644 
3642 
3641 
3640 
3639 
3638 
3637 
3636 
3633 
3632 
3630 
3628 
3627 
3626 
3625 
3624 
3622 
3621 
3620 
3619 
3618 
3613 
3612 
3611 
3610 
3608 
3606 
3605 
3604 
3603 
3602 
3601 
3600 
3599 
3598 
3597 
3596 
3595 
3594 
3593 
3590 
3591 
3589 
3588 
3585 
3584 
3583 
3582 
3581 
3579 
3578 
3708 
3577 
3575 
3574 
3573 
3572 
3571 
3570 
3569 
3566 
3565 
3564 
3563 
3561 
3560 
3559 
3558 
3553 
3552 
3551 
3550 
3546 
3545 
3544 
3543 
3542 
3540 
3539 
3536 
3535 
3534 
3533 
3532 
3531 
3530 
3528 
3527 
3526 
3525 
3524 
3523 
3522 
3521 
3519 
3518 
3517 
3515 
3514 
3513 
3512 
3511 
3510 
3509 
3508 
3507 
3505 
3504 
3503 
3502 
3501 
3500 
3499 
3497 
3496 
3495 
3494 
3493 
3492 
3491 
3490 
3488 
3487 
3485 
3484 
3482 
3481 
3478 
3477 
3476 
3475 
3474 
3472 
3471 
3470 
3469 
3468 
3467 
3466 
3462 
3457 
3451 
3450 
3449 
3448 
3445 
3444 
3442 
3441 
3440 
3438 
3437 
3436 
3434 
3432 
3431 
3430 
3428 
3427 
3426 
3425 
3424 
3423 
3422 
3421 
3420 
3419 
3418 
3416 
3415 
3414 
3413 
3412 
3411 
3407 
3406 
3405 
3403 
3402 
3401 
3400 
3399 
3398 
3397 
3396 
3395 
3392 
3391 
3390 
3389 
3388 
3387 
3386 
3385 
3384 
3383 
3382 
3380 
3379 
3378 
3377 
3375 
3374 
3373 
3372 
3370 
3369 
3368 
3367 
3366 
3365 
3364 
3362 
3361 
3360 
3359 
3358 
3357 
3356 
3355 
3354 
3353 
3350 
3349 
3347 
3345 
3344 
3343 
3342 
3341 
3340 
3339 
3337 
3336 
3335 
3333 
3332 
3331 
3330 
3329 
3328 
3327 
3326 
3325 
3323 
3322 
3318 
3317 
3316 
3315 
3314 
3312 
3311 
3308 
3306 
3305 
3304 
3303 
3302 
3300 
3299 
3298 
3296 
3295 
3294 
3292 
3290 
3289 
3288 
3287 
3286 
3283 
3282 
3281 
3280 
3279 
3278 
3277 
3275 
3273 
3272 
3270 
3269 
3268 
3267 
3264 
3263 
3262 
3261 
3259 
3257 
3254 
3252 
3250 
3249 
3248 
3247 
3246 
3244 
3245 
3242 
3241 
3240 
3239 
3236 
3234 
3233 
3232 
3231 
3230 
3229 
3228 
3227 
3226 
3225 
3224 
3223 
3222 
3221 
3220 
3219 
3218 
3217 
3216 
3215 
3214 
3213 
3212 
3211 
3210 
3209 
3208 
3207 
3206 
3204 
3203 
3202 
3199 
3198 
3197 
3196 
3194 
3195 
3190 
3189 
3188 
3187 
3186 
3185 
3184 
3183 
3182 
3181 
3179 
3178 
3177 
3176 
3175 
3174 
3172 
3170 
3169 
3168 
3167 
3166 
3165 
3163 
3162 
3161 
3160 
3159 
3158 
3157 
3156 
3154 
3153 
3152 
3151 
3149 
3147 
3146 
3143 
3142 
3141 
3139 
3137 
3135 
3134 
3133 
3132 
3131 
3129 
3128 
3127 
3701 
3124 
3123 
3122 
3121 
3120 
3119 
3118 
3116 
3115 
3113 
3112 
3111 
3110 
3108 
3107 
3102 
3101 
3100 
3098 
3097 
3096 
3095 
3094 
3093 
3091 
3090 
3088 
3087 
3086 
3085 
3083 
3081 
3079 
3078 
3077 
3076 
3075 
3074 
3072 
3071 
3070 
3069 
3067 
3066 
3065 
3064 
3063 
3062 
3061 
3060 
3058 
3057 
3055 
3054 
3053 
3052 
3051 
3049 
3048 
3047 
3046 
3045 
3044 
3043 
3042 
3041 
3040 
3039 
3038 
3037 
3035 
3032 
3031 
3025 
3022 
3019 
3017 
3016 
3013 
3012 
3011 
3008 
3006 
3004 
3003 
3001 
2998 
2997 
2995 
2994 
2992 
2989 
2988 
2987 
2986 
2985 
2984 
2983 
2982 
2980 
2978 
2976 
2975 
2971 
2970 
2969 
2967 
4086 
2965 
2964 
2962 
2961 
2960 
2959 
2957 
2954 
2953 
2952 
2950 
2949 
2948 
2947 
2945 
2944 
2943 
2942 
2941 
2939 
2938 
2937 
2936 
2935 
2934 
2933 
2931 
2930 
2929 
2927 
2924 
2921 
2920 
2919 
2916 
2915 
2913 
2911 
2908 
2907 
2906 
2905 
2904 
2903 
2901 
2899 
2898 
2897 
2896 
2895 
2894 
2893 
2892 
2891 
2890 
2889 
2888 
2887 
2886 
2885 
2884 
2883 
2882 
2881 
2879 
2878 
2876 
2875 
2874 
2873 
2872 
2870 
2869 
2868 
2867 
2866 
2865 
2864 
2863 
2862 
2861 
2860 
2858 
2857 
2855 
2854 
2853 
2852 
2850 
2849 
2848 
2847 
2846 
2845 
2842 
3617 
2841 
2840 
2839 
2837 
2836 
2835 
2833 
2832 
4264 
2829 
2827 
2826 
2824 
2823 
2820 
2817 
2816 
2813 
2812 
2810 
2808 
2807 
2806 
2804 
2803 
2802 
2800 
2796 
2795 
2793 
2792 
2791 
2789 
2788 
2786 
2784 
2783 
2782 
2780 
2779 
2778 
2776 
2773 
2772 
2771 
2769 
2767 
2766 
2762 
2761 
2759 
2758 
2757 
2756 
2755 
2753 
2752 
2750 
2749 
2748 
2745 
2744 
2743 
2742 
2741 
2740 
2739 
2738 
2737 
2735 
2734 
2733 
2732 
2731 
2730 
2729 
2728 
2726 
2725 
2723 
2722 
2719 
2718 
2717 
2716 
2715 
2714 
2712 
2711 
2710 
2709 
2706 
2705 
2704 
2703 
2702 
2701 
2699 
2698 
2695 
2694 
2692 
2691 
2690 
2688 
2684 
2683 
2682 
2681 
2680 
2677 
2676 
2675 
2673 
2671 
2668 
2666 
2664 
2663 
2661 
2659 
2656 
2649 
2648 
2644 
2642 
2641 
2640 
2639 
2637 
2636 
2635 
2634 
2633 
2632 
2631 
2630 
2628 
2627 
2626 
2624 
2622 
2621 
2616 
2615 
2614 
2613 
2611 
2610 
2609 
2608 
2606 
2603 
2602 
2601 
2600 
2598 
2596 
2590 
2588 
2586 
2584 
2583 
2582 
2581 
2578 
2577 
2574 
2573 
2572 
2569 
2568 
2567 
2566 
2564 
2563 
2562 
2561 
2559 
2558 
2557 
2556 
2555 
2554 
2553 
2551 
2549 
2548 
2546 
2545 
2543 
2541 
2540 
2539 
2538 
2537 
2536 
2534 
2533 
2532 
2531 
2530 
2529 
2528 
2527 
2526 
2525 
2524 
2523 
2522 
2521 
2520 
2519 
2518 
2515 
2514 
2513 
2512 
2509 
2505 
2503 
2502 
2500 
2498 
2497 
2496 
2495 
2494 
2493 
2492 
2491 
2489 
2488 
2487 
2486 
2483 
2482 
2481 
2480 
2478 
2477 
2476 
2473 
2472 
2471 
2469 
2468 
2467 
2466 
2465 
2464 
2463 
2462 
2461 
2460 
2459 
2458 
2457 
2455 
2454 
2453 
2452 
2451 
2450 
2449 
2448 
2447 
2446 
2445 
2444 
2443 
2442 
2441 
2439 
2438 
2437 
2436 
2434 
2432 
2431 
2430 
2429 
2428 
2427 
2424 
2421 
2419 
2418 
2417 
2415 
2414 
2413 
2412 
2408 
2407 
2406 
2405 
2404 
2403 
2402 
2401 
2399 
2396 
2395 
2394 
2393 
2392 
2391 
2390 
2389 
2388 
2387 
2383 
2382 
2380 
2379 
2377 
2374 
2373 
2372 
2370 
2368 
2367 
2365 
2363 
2361 
2360 
2359 
2358 
2357 
2355 
2353 
2352 
2351 
2349 
2347 
2346 
2344 
2343 
2337 
2336 
2335 
2334 
2331 
2330 
2327 
2321 
2320 
2319 
2318 
2317 
2316 
2315 
2314 
2313 
2312 
2311 
2310 
2309 
2308 
2306 
2304 
2305 
2303 
2302 
2301 
2300 
2299 
2298 
2296 
2295 
2293 
2292 
2291 
2288 
2287 
2286 
2284 
2283 
2282 
2280 
2279 
2278 
2275 
2274 
2272 
2271 
2270 
2269 
2268 
2267 
2266 
2265 
2263 
2262 
2261 
2260 
2259 
2255 
2254 
2250 
2249 
2248 
2245 
2243 
2239 
2238 
2236 
2235 
2232 
2230 
2228 
2227 
2226 
2224 
2222 
2221 
2220 
2219 
2218 
2217 
2216 
2215 
2214 
2213 
2212 
2208 
2207 
2204 
2203 
2201 
2200 
2199 
2198 
2197 
2196 
2194 
2192 
2191 
2190 
2189 
2188 
2187 
2186 
2184 
2183 
2180 
2179 
2177 
2176 
2175 
2173 
2172 
2171 
2170 
2169 
2167 
2166 
2164 
2162 
2161 
2159 
2158 
2156 
2155 
2154 
2153 
2152 
2150 
2149 
2148 
2147 
2146 
2143 
2142 
2141 
2140 
2139 
2138 
2136 
2132 
2131 
2130 
2127 
2126 
2125 
2124 
2123 
2122 
2118 
2115 
2113 
2420 
2111 
2110 
2108 
2107 
2105 
2104 
2103 
2100 
2099 
2098 
2096 
2094 
2093 
2090 
2089 
2088 
2087 
2086 
2084 
2082 
2081 
2080 
2078 
2077 
2075 
2074 
2070 
2068 
2067 
2065 
2064 
2063 
2061 
2059 
2058 
2057 
2056 
2054 
2052 
2051 
2050 
2049 
2048 
2047 
2046 
2045 
2044 
2043 
2042 
2041 
2040 
2039 
2038 
2037 
2036 
2035 
2034 
2033 
2032 
2031 
2030 
2029 
2028 
2027 
2026 
2025 
2024 
2023 
2022 
2021 
2020 
2019 
2018 
2017 
2015 
2013 
2012 
2011 
2010 
2009 
2008 
2006 
2005 
2003 
2002 
2000 
1999 
1998 
1996 
1995 
1994 
1993 
1989 
1988 
1986 
1981 
1980 
1978 
1976 
1975 
1974 
1968 
1967 
1962 
1960 
1959 
1958 
1957 
1954 
1952 
1951 
1949 
1948 
1947 
1946 
1945 
1944 
1943 
1942 
1941 
1940 
1939 
1938 
1937 
1936 
1934 
1933 
1932 
1931 
1930 
1929 
1928 
1926 
1925 
1924 
1923 
1922 
1921 
1917 
1916 
1914 
1913 
1912 
1911 
1910 
1909 
1907 
1906 
1905 
1904 
1902 
1900 
1899 
1898 
1897 
1896 
1895 
1894 
1892 
1891 
1890 
1889 
1887 
1886 
1885 
1883 
1882 
1881 
1879 
1878 
1877 
1876 
1875 
1874 
1873 
1872 
1871 
1870 
1869 
1868 
1867 
1866 
1863 
1862 
1860 
1856 
1854 
1853 
1852 
1851 
1850 
1846 
1845 
1844 
1843 
1841 
1840 
1839 
1838 
1834 
1832 
1831 
1830 
1829 
1828 
1827 
1826 
1825 
1824 
1822 
1821 
1820 
1818 
1817 
1815 
1813 
1812 
1810 
1809 
1807 
1806 
1804 
1803 
1801 
1800 
1797 
1796 
1795 
1794 
1790 
1789 
1786 
1785 
1784 
1782 
1779 
1778 
1776 
1775 
1773 
1767 
2678 
1766 
1765 
1764 
1763 
1762 
1761 
1760 
1759 
1756 
1755 
1753 
1751 
1750 
1748 
1745 
1743 
1742 
1741 
1740 
1739 
1738 
1737 
1736 
1735 
1731 
1728 
1727 
1725 
1724 
1722 
1721 
1720 
1719 
1715 
1713 
1712 
1711 
1710 
1709 
1708 
1704 
1703 
1702 
1699 
1698 
1696 
1695 
1694 
1693 
1691 
1690 
1686 
1685 
1684 
1683 
1682 
1681 
1677 
1676 
1675 
1674 
1673 
1671 
1670 
1668 
1667 
1666 
1665 
1663 
1660 
1659 
1656 
1655 
1651 
1650 
1647 
1645 
1644 
1643 
1642 
1640 
1639 
1635 
1634 
1632 
1631 
1630 
1627 
1626 
1625 
1624 
1623 
1620 
1617 
1616 
1615 
1614 
1611 
1609 
1607 
1606 
1605 
1602 
1601 
1599 
1598 
1594 
1591 
1590 
1589 
1588 
1586 
1584 
1582 
1579 
1578 
1577 
1576 
1575 
1574 
1572 
1570 
1568 
1567 
1562 
1561 
1560 
1559 
1558 
1554 
1553 
1552 
1551 
1546 
1545 
1544 
1543 
1541 
1540 
1539 
1536 
1535 
1530 
1529 
1528 
1527 
1526 
1523 
1522 
1519 
1517 
1516 
1515 
1512 
1511 
1509 
1508 
1505 
1504 
1503 
1502 
1500 
1499 
1495 
1494 
1491 
1488 
1483 
1481 
1480 
1479 
1477 
1475 
1474 
1470 
1469 
1467 
1466 
1463 
1462 
1461 
1460 
1459 
1458 
1457 
1456 
1455 
1454 
1452 
1451 
1450 
1449 
1448 
1447 
1445 
1443 
1440 
1438 
1436 
1434 
1433 
1431 
1430 
1429 
1427 
1426 
1424 
1423 
1422 
1421 
1417 
1415 
1414 
1410 
1409 
1408 
1406 
1405 
1404 
1401 
1400 
1399 
1398 
1397 
1395 
1392 
1391 
1388 
1387 
1386 
1383 
1381 
1380 
1379 
1376 
1373 
1371 
1370 
1369 
1368 
1367 
1366 
1365 
1364 
1363 
1362 
1361 
1359 
1358 
1356 
1355 
1354 
1351 
1350 
1349 
1348 
1347 
1346 
1345 
1344 
1343 
1342 
1341 
1340 
1339 
1338 
1337 
1336 
1335 
1334 
1333 
1332 
1331 
1329 
1328 
1327 
1325 
1324 
1320 
1318 
1317 
1316 
1314 
1313 
1312 
1311 
1309 
1308 
1306 
1304 
1303 
1302 
1301 
1299 
1298 
1295 
1294 
1293 
1292 
1290 
1289 
1288 
1283 
1281 
1280 
1278 
1276 
1275 
1274 
1273 
1272 
1271 
1269 
1268 
1265 
1264 
1263 
1262 
1258 
1257 
1256 
1255 
1254 
1252 
1251 
1249 
1246 
1245 
1244 
1242 
1238 
1237 
1235 
1233 
1231 
1229 
1228 
1227 
1226 
1225 
1224 
1223 
1219 
1217 
1216 
1215 
1214 
1213 
1212 
1210 
1209 
1208 
1207 
1206 
1205 
1204 
1202 
1198 
1197 
1195 
1194 
1189 
1188 
1187 
1184 
1183 
1182 
1181 
1180 
1179 
1178 
1177 
1176 
1175 
1174 
1173 
1172 
1171 
1170 
1169 
1163 
1162 
1161 
1158 
1155 
1153 
1150 
1149 
1148 
1147 
1146 
1145 
1143 
1142 
1139 
1138 
1136 
1135 
1664 
1134 
1133 
1132 
1130 
1129 
1126 
1122 
1121 
1120 
1119 
1118 
1117 
1116 
1115 
1113 
1112 
1110 
1109 
1108 
1107 
1106 
1105 
1104 
1102 
1101 
1099 
1098 
1096 
1095 
1094 
1093 
1091 
1090 
1089 
1088 
1087 
1086 
1085 
1084 
1083 
1082 
1081 
1079 
1078 
1076 
1073 
1072 
1071 
1070 
1069 
1068 
1067 
1066 
1065 
1064 
1063 
1059 
1058 
1057 
1056 
1054 
1052 
1051 
1050 
1048 
1047 
1046 
1045 
1042 
1041 
1040 
1037 
1036 
1033 
1028 
1027 
1025 
1021 
1019 
1017 
1016 
1015 
1013 
1011 
1010 
1009 
1008 
1005 
1004 
1003 
1002 
1001 
998 
997 
996 
992 
990 
988 
987 
986 
984 
980 
976 
973 
970 
969 
965 
964 
962 
961 
957 
954 
953 
952 
951 
950 
949 
944 
940 
939 
933 
931 
927 
926 
925 
924 
923 
921 
920 
919 
917 
916 
915 
914 
912 
911 
910 
909 
905 
902 
901 
900 
899 
898 
894 
892 
891 
890 
889 
888 
886 
884 
883 
880 
879 
877 
876 
874 
872 
870 
869 
867 
865 
862 
860 
858 
855 
854 
852 
851 
850 
848 
847 
846 
845 
843 
842 
841 
835 
834 
833 
832 
831 
830 
828 
824 
821 
819 
818 
816 
815 
814 
812 
811 
809 
808 
807 
804 
801 
800 
799 
796 
792 
790 
788 
787 
786 
785 
783 
782 
781 
780 
777 
776 
775 
774 
773 
772 
770 
768 
767 
766 
1971 
759 
758 
757 
755 
754 
753 
752 
751 
747 
745 
740 
738 
736 
735 
734 
732 
731 
729 
728 
727 
726 
724 
721 
720 
718 
716 
713 
712 
711 
709 
708 
703 
702 
701 
699 
698 
695 
693 
692 
690 
689 
688 
685 
683 
680 
679 
678 
676 
672 
671 
669 
666 
662 
661 
660 
655 
654 
653 
652 
651 
649 
648 
646 
642 
641 
640 
639 
638 
635 
634 
632 
630 
629 
625 
623 
621 
620 
615 
614 
612 
610 
605 
603 
602 
599 
598 
597 
596 
595 
594 
593 
591 
588 
585 
583 
582 
580 
578 
577 
576 
574 
573 
572 
571 
570 
569 
568 
563 
562 
561 
558 
557 
556 
555 
554 
553 
552 
551 
550 
548 
547 
546 
544 
543 
542 
541 
540 
539 
537 
536 
535 
534 
533 
532 
531 
530 
529 
528 
527 
526 
523 
522 
521 
520 
519 
518 
516 
513 
512 
511 
510 
509 
508 
507 
505 
504 
503 
502 
501 
500 
499 
498 
497 
496 
495 
494 
493 
492 
491 
490 
489 
487 
486 
485 
484 
483 
482 
481 
480 
479 
478 
476 
475 
474 
473 
472 
471 
470 
469 
468 
467 
466 
464 
463 
462 
461 
460 
459 
458 
457 
7957 
7034 
5631 
456 
455 
454 
453 
452 
451 
450 
449 
448 
446 
445 
444 
443 
442 
441 
438 
437 
436 
434 
430 
426 
424 
423 
420 
418 
416 
414 
413 
412 
411 
410 
409 
408 
404 
401 
400 
399 
398 
397 
395 
6904 
393 
388 
387 
386 
385 
384 
383 
382 
381 
380 
376 
375 
374 
369 
367 
366 
365 
364 
361 
360 
357 
355 
354 
353 
352 
351 
347 
345 
344 
343 
342 
340 
337 
336 
335 
333 
331 
330 
329 
328 
327 
326 
323 
320 
318 
316 
315 
312 
309 
307 
305 
303 
297 
296 
295 
294 
293 
292 
291 
289 
288 
287 
284 
283 
281 
279 
278 
277 
276 
275 
272 
270 
269 
268 
267 
266 
265 
264 
263 
262 
260 
256 
254 
253 
251 
249 
248 
247 
245 
244 
242 
241 
240 
239 
238 
237 
235 
234 
233 
231 
229 
225 
223 
221 
220 
218 
217 
215 
213 
212 
211 
210 
209 
208 
207 
206 
205 
203 
202 
201 
200 
199 
198 
197 
196 
195 
194 
193 
191 
190 
189 
188 
187 
186 
185 
184 
181 
180 
179 
177 
176 
174 
173 
172 
170 
169 
166 
165 
164 
162 
161 
160 
159 
158 
157 
156 
149 
148 
146 
145 
143 
142 
141 
139 
138 
137 
136 
134 
133 
131 
129 
128 
126 
125 
124 
123 
122 
121 
120 
119 
118 
117 
116 
115 
114 
113 
112 
111 
110 
109 
107 
106 
104 
103 
5503 
102 
101 
100 
99 
98 
97 
96 
92 
91 
90 
88 
87 
85 
84 
83 
82 
81 
79 
78 
77 
76 
74 
73 
71 
70 
69 
68 
4896 
67 
66 
65 
63 
62 
2092 
60 
59 
58 
57 
53 
4389 
52 
51 
48 
47 
1300 
46 
45 
44 
43 
42 
41 
40 
37 
31 
27 
26 
419 
25 
24 
22 
21 
20 
18 
17 
16 
14 
13 
12 
11 
8286 
9 
7 
5 
4 
3 6 8 10 29 23 15 36 55 19 28 33 35 39 34 140 282 72 178 127 94 75 32 38 80 151 89 155 2565 306 154 50 86 130 182 152 56 132 257 236 339 261 258 273 259 255 135 324 310 147 319 406 192 407 150 564 592 224 226 417 308 280 425 403 346 704 304 311 317 334 545 171 230 710 341 663 168 636 604 584 567 371 633 290 313 600 232 325 348 222 1166 722 432 626 579 356 54 49 440 560 559 749 643 697 405 415 228 769 321 216 601 707 742 637 650 763 285 1137 813 805 686 823 705 784 789 706 645 725 762 644 439 204 659 737 825 856 1097 904 838 730 844 618 873 993 795 794 587 647 715 717 871 826 922 941 861 1006 971 1029 810 1125 696 350 447 1012 978 798 797 664 658 1185 1062 590 946 764 947 1035 943 1234 1151 733 586 674 853 935 1267 928 691 1055 1022 791 1221 1114 1236 1248 1279 1024 2120 820 427 1000 918 960 1247 1111 667 665 836 1428 1167 1023 956 994 1074 1990 1374 1319 1034 1377 981 937 885 982 1201 1160 1241 1260 1193 985 882 959 859 1124 1352 1357 1032 1492 1031 1211 1103 1441 1510 1549 1164 1230 1286 163 1284 1378 1285 1688 1473 1075 1259 1353 1496 1127 1305 363 302 362 301 1661 1471 1468 1487 1442 1444 1446 1608 1489 1506 1291 1203 1419 948 1555 1538 1439 1297 908 1482 1039 1038 1521 1621 1571 1972 1542 1583 1919 975 1997 1701 771 1497 227 897 863 887 1394 1390 1061 2062 1507 1717 1043 1525 1128 1420 803 1808 1537 1697 1432 1585 1587 1622 1564 1384 968 1547 2072 1730 1732 1757 1772 1407 1835 1603 1604 2085 2133 2229 2474 1200 1729 1253 1520 1613 1888 1705 1566 822 1315 1296 1814 1991 2001 1811 719 723 1501 1687 1628 1799 1733 2258 2145 1749 1565 1918 1700 1783 1985 1992 2071 837 429 840 2276 2174 1592 2256 1816 1168 1982 1612 2135 2014 2237 974 1190 1144 2209 2240 1754 1734 907 1472 2114 1044 1049 1465 2069 2117 1596 1550 2102 1769 2326 2398 761 1792 2297 1658 1915 2411 1382 2109 1416 2160 2328 913 1165 1159 2576 2257 2290 2289 2322 2083 2507 1781 2371 1707 1977 1678 1966 1964 2231 2251 1837 3059 2016 2485 2285 2178 1847 2323 1385 2381 1823 2646 2547 2223 4401 2369 2871 1984 2790 2210 2091 2129 2560 2595 2356 2542 2504 1714 2095 2116 2234 2206 2653 2144 2134 2510 2618 1282 2435 2433 2264 2550 1360 2651 2225 2674 2252 2585 2307 1857 2654 1833 684 682 1961 3028 2384 2700 2594 2332 2233 2376 5179 2658 2506 2660 2364 2707 2605 2516 2612 2375 2416 2592 2972 2619 2294 2593 2340 1955 2746 2623 2686 2799 2713 2696 3026 2440 2456 2912 2831 2667 2617 2587 2241 2693 2657 1100 2747 3010 2689 3092 3034 2775 2535 2246 2324 2940 3381 2981 2655 3192 1935 2193 1836 1080 2281 2822 2999 2768 1646 2647 2764 2765 3009 2599 3036 3056 3352 30 2544 2697 2909 3404 2727 2838 3912 3276 2968 3000 4310 896 3007 2859 3033 3454 2923 3024 827 3258 3297 3447 3274 3015 2851 3607 2811 3433 3452 1747 1610 1716 3453 3394 2645 2932 3417 3191 3458 3456 967 4040 3109 3144 3463 3568 3084 2511 3238 1498 3073 3455 3461 3439 2724 2819 3148 3567 3291 2958 2991 2993 3180 465 3555 3661 3479 3787 2760 2951 3020 3256 3615 3200 3541 3480 2774 3027 2410 2665 2366 2672 2620 4065 3586 3498 3854 3614 3919 4574 3459 3348 2338 2687 3125 3145 2597 3645 1196 3334 3813 1680 3556 3284 3796 3643 2277 4824 4687 3538 4041 3806 3018 3660 3631 3635 3634 3483 3301 3691 3321 2325 3021 3346 3724 3443 1859 1261 1855 1927 1908 1858 3843 3949 4044 3835 3969 5445 4211 3976 3812 3748 3803 5002 4191 2342 4527 4276 4632 4653 4138 3956 4219 4400 4297 4111 4315 4013 4189 3785 4298 3309 4441 5020 3910 4071 4483 4099 3150 3958 4547 4212 4261 2475 2181 4587 4448 4068 4335 1018 2097 3393 4536 4662 3460 4550 4588 4072 2787 4981 4162 3973 4709 3106 5140 4899 4717 3792 4828 2552 5176 4355 4748 5022 3587 4124 3562 2508 1744 1746 3435 3005 3842 4795 4488 4764 5188 4604 4964 4715 5079 4792 2914 5189 4600 4338 4557 3962 3752 3409 5524 3971 4712 3873 4781 5028 5103 4432 5200 5199 4814 4994 5301 3465 5121 5543 4980 5289 3293 4422 4666 1865 4966 5802 5582 3770 5671 5123 3002 2708 4992 5773 5439 5697 5457 5804 4661 3922 5262 5182 5246 5928 5437 5932 5655 5800 5596 5273 5423 2785 1322 1326 5263 1393 5321 1524 4468 5155 5285 4777 5295 5037 5452 4938 4127 5233 4175 5684 5061 4266 4098 1375 4706 5651 5714 5254 1548 4796 3830 5430 5811 5178 4534 5484 4846 5312 5404 4269 5817 5801 6305 6270 5775 5772 6327 5529 3310 6043 5822 5738 5814 5809 5624 5818 5812 5378 5432 6323 5824 5630 6170 6299 5760 4879 6907 5806 3320 5872 5739 5871 5839 6243 6032 6218 5757 5799 5709 5998 5776 5721 5807 4798 4103 5626 5798 6156 5584 6094 6006 6023 6097 6241 6596 6001 6421 6618 6151 6624 6790 5482 5819 6272 6774 6123 5827 6344 6501 6447 6993 6914 4110 657 2770 1154 628 624 2974 3173 5487 6414 608 6320 7047 6311 7052 6552 6714 5980 6229 6227 5106 4055 6913 6560 5479 5222 6198 6772 6555 6523 7092 5306 5620 5969 6611 6994 6360 6917 7490 6221 6503 6280 6665 6934 6784 2834 4934 6946 4361 5454 5639 6789 6976 7295 6634 3809 6613 5012 6945 6458 4507 6951 7280 7131 6924 7666 7647 7675 6712 7054 6918 7301 6570 7378 7225 7279 5215 6595 7449 7393 7400 7262 7493 7277 7791 7386 7021 6736 7012 7910 5096 7882 4884 7238 7833 8050 8271 7362 5563 4482 4485 3103 4625 5296 3897 4530 5680 5226 4037 5614 7005 6855 3576 7544 7120 7050 6770 4435 7835 7391 7237 7588 7701 7648 7691 6422 7062 7862 4983 7860 5922 6875 7810 7233 7928 5162 3871 3557 4531 4290 4351 8204 5605 6347 5829 6783 5323 5255 7443 7649 6474 7520 7634 8051 8021 7517 7593 5466 3885 7110 5897 7351 5950 7924 8042 7407 7063 6938 6755 7618 7023 7874 6780 7695 6809 7365 7088 6334 6330 6442 6923 7341 6491 6592 6174 4331 5072 5753 6424 5972 7726 6004 6462 6000 6833 6044 6759 4786 4791 5933 5341 5936 5499 5500 5421 5415 6813 6047 4689 5527 5902 5705 3554 6262 4471 7387 3720 3313 4078 613 349 4993 4827 1310 2517 4977 6765 5267 4929 5511 5623 5569 5384 5387 4220 5640 4263 4944 4009 3911 4233 4199 4500 4234 5043 2662 2856 3029 2815 2900 4231 3646 4866 3800 4654 5064 6709 3898 4024 4986 3629 3664 3832 3726 7389 8263 3089 668 1848 2242 3717 3171 2880 2844 3999 2925 2918 3804 7642 3260 3681 4201 2378 2830 8227 1965 3980 4134 2163 4412 2721 1706 3338 2168 2128 1243 1805 2119 2917 2053 2570 1619 1534 1641 1638 1637 3271 1849 1689 2354 1662 575 999 1141 2736 1493 932 2121 1156 1157 1199 1403 7222 1232 1239 895 903 1979 1060 802 760 677 105 488 606 673 338 153 93 565 616 243 549 246 175 3255 95 108 64 
6965 
167 
4561 
477 
6691 
378 
617 
8285 
8282 
274 
219 
1077 
252 
694 
390 
358 
396 
392 
300 
377 
389 
359 
5469 
779 
631 
581 
421 
942 
433 
431 
422 
1240 
8284 
3205 
700 
566 
622 
611 
607 
379 
681 
675 
670 
934 
748 
4886 
3908 
3105 
1970 
991 
983 
8288 
881 
866 
878 
864 
1435 
7672 
1020 
756 
5665 
1287 
4580 
945 
979 
955 
1152 
1950 
8289 
1533 
1418 
1131 
1092 
1030 
3138 
1270 
1220 
1192 
2843 
1595 
1485 
1486 
1277 
1478 
1580 
1402 
1569 
1652 
2679 
2798 
1597 
1557 
1618 
1884 
1636 
1581 
1556 
1532 
2007 
1768 
1657 
1600 
2423 
2112 
5253 
2425 
2055 
1983 
1798 
1791 
1758 
1802 
1861 
1672 
1649 
1920 
2244 
2101 
1901 
1880 
3237 
2202 
2165 
6055 
1770 
1771 
1692 
1518 
1425 
1793 
1321 
2362 
2818 
2670 
2650 
3875 
8175 
3429 
3136 
2400 
2137 
2106 
2685 
8290 
6106 
7658 
3713 
5274 
7735 
6756 
3669 
2638 
2484 
3825 
2397 
3592 
8291 
3080 
2801 
2828 
2805 
5882 
3745 
3737 
3082 
2809 
2751 
6279 
5533 
8292 
5470 
2922 
3266 
3363 
3068 
3050 
2990 
2966 
3609 
3549 
3772 
6621 
3856 
3811 
5931 
4235 
6475 
5442 
4783 
3974 
3880 
3547 
7292 
4876 
6826 
6054 
4880 
3623 
3410 
3822 
3797 
6680 
6840 
3671 
3486 
3446 
6307 
4188 
4058 
4012 
6997 
6257 
6130 
5388 
5303 
4954 
4684 
4558 
4942 
4171 
3939 
4049 
3942 
3893 
3888 
3849 
6778 
5310 
5145 
5133 
5362 
4403 
4265 
5434 
4173 
4117 
4311 
4303 
4272 
3807 
5673 
3921 
3616 
5740 
5368 
7909 
4621 
4088 
4051 
3933 
3867 
7881 
7636 
4822 
5375 
7042 
4481 
6721 
5350 
8038 
6376 
5955 
4584 
4031 
5075 
4815 
4808 
4658 
4991 
4831 
4809 
4728 
4678 
4677 
4650 
4639 
4583 
4562 
4552 
4047 
4332 
4323 
7708 
3520 
3376 
3253 
3164 
3155 
4411 
2720 
2629 
2607 
2604 
2591 
2579 
6225 
6107 
5706 
5115 
4946 
4648 
5033 
6083 
5364 
4987 
4776 
5271 
5026 
4529 
4181 
4216 
4480 
4466 
6041 
5663 
5635 
5354 
5309 
5208 
5146 
5141 
5784 
5058 
6858 
4620 
4613 
5880 
5832 
7297 
6769 
6109 
6010 
5790 
6682 
6532 
5860 
5650 
6088 
5539 
5308 
8296 
6111 
5837 
5756 
5754 
5737 
5693 
6278 
6164 
5588 
5559 
5514 
5513 
5509 
5506 
5481 
5471 
5463 
5426 
5351 
5327 
5326 
5732 
5132 
6027 
6110 
5977 
6987 
5838 
6096 
6080 
6021 
5792 
5780 
5637 
8068 
7162 
6982 
6950 
7439 
6568 
7690 
6251 
5926 
5830 
6162 
8148 
7819 
7436 
7060 
6967 
6777 
6686 
6663 
6589 
6553 
6400 
7506 
7734 
7653 
7986 
7273 
6590 
6340 
6302 
6269 
6235 
6226 
6149 
6105 
6409 
7204 
6661 
5956 
6707 
6529 
6427 
6641 
6723 
6685 
6668 
6543 
6078 
6059 
5991 
5850 
7799 
7765 
8025 
8007 
7318 
7243 
6920 
7304 
7257 
6942 
6806 
6464 
6337 
8058 
6632 
6435 
6261 
7534 
7323 
7319 
7246 
7215 
7040 
6805 
6724 
6948 
6511 
6720 
6437 
6432 
6328 
6566 
6530 
7185 
7149 
7168 
6890 
7073 
7359 
7254 
7290 
7289 
7250 
7161 
8297 
6700 
6628 
8149 
7857 
7434 
7590 
7440 
6594 
6498 
7146 
7144 
7143 
6953 
7491 
7478 
7423 
7422 
7373 
7315 
7533 
7074 
7740 
7508 
7840 
8277 
8276 
8275 
8235 
8225 
8139 
8134 
8132 
8037 
8033 
7996 
7994 
7991 
7512 
7497 
7186 
7119 
7673 
7583 
7561 
7557 
7316 
7899 
8141 
7442 
8079 
8044 
8186 
8169 
8168 
8163 
8130 
8128 
8121 
8090 
8083 
8073 
8002 
7952 
7946 
7913 
7871 
7855 
7778 
7730 
7707 
7694 
7688 
7652 
7651 
7668 
7662 
7646 
7574 
8212 
8209 
8122 
8019 
7992 
7965 
7921 
7683 
7604 
8224 
7529 
7498 
7450 
7094 
7059 
6955 
6901 
6892 
6873 
6860 
6850 
6788 
7510 
8198 
8124 
8249 
8246 
8237 
8219 
7908 
7803 
7795 
7381 
6930 
6505 
6472 
5592 
5335 
6980 
7397 
7669 
8226 
7788 
7763 
7757 
6933 
8028 
7624 
7116 
7108 
6699 
6725 
5406 
7632 
7587 
7553 
7414 
6737 
6739 
6983 
6762 
7567 
6897 
6803 
6869 
7214 
6670 
6606 
7979 
7912 
6496 
6571 
6567 
6388 
6321 
6715 
6306 
5643 
5887 
6417 
6407 
7961 
7809 
6481 
4218 
5638 
5835 
4887 
6124 
7879 
6576 
5745 
5564 
6246 
6166 
6161 
5994 
5683 
5570 
7927 
7813 
6979 
6554 
6528 
5782 
5778 
5713 
6098 
7306 
6029 
7890 
7699 
6009 
5973 
7620 
5891 
5886 
5844 
5694 
6599 
6296 
6832 
6148 
4631 
5130 
5044 
2345 
5545 
6441 
5417 
5144 
5120 
5100 
5467 
6255 
8295 
5245 
5148 
7839 
5925 
5664 
5465 
5393 
5392 
5363 
5311 
5260 
5240 
5231 
4645 
4646 
5298 
5239 
5305 
4778 
5963 
5459 
5863 
5848 
5743 
5568 
4811 
4578 
8192 
8174 
8043 
8024 
5210 
5083 
4953 
4820 
4780 
4386 
4385 
4453 
4417 
4254 
4014 
6600 
4424 
4719 
4528 
4299 
5073 
4940 
5449 
5045 
2386 
4713 
7201 
5288 
5947 
4779 
5828 
5092 
7115 
7101 
4962 
4797 
4365 
4359 
4289 
4043 
3937 
3926 
3769 
3680 
3847 
3650 
2499 
4341 
4349 
4402 
4551 
4463 
4247 
5204 
3808 
8178 
2979 
2956 
2946 
2926 
4373 
3892 
4384 
4999 
3285 
3967 
3816 
8294 
4183 
4030 
3670 
3516 
3506 
3489 
3114 
3235 
8293 
3193 
2589 
1191 
5412 
4179 
3243 
3126 
4735 
3464 
3537 
3408 
3099 
2821 
3014 
3104 
2955 
2928 
3117 
4605 
3914 
3903 
4021 
3580 
3529 
4510 
3265 
3030 
2963 
3970 
3023 
2794 
2910 
2973 
2825 
2781 
2877 
2273 
2205 
2977 
2076 
2073 
2060 
3140 
3201 
3548 
3324 
3319 
3307 
2754 
2777 
2490 
3755 
2902 
2797 
2501 
2580 
2426 
2348 
2329 
2385 
2643 
2350 
3946 
4011 
3887 
2763 
2669 
3351 
2652 
2422 
2253 
2157 
2004 
1987 
1969 
1752 
2996 
2470 
2079 
2479 
1653 
2814 
1654 
2211 
1973 
2341 
1222 
1007 
995 
1788 
1679 
2182 
2185 
3251 
1903 
1777 
1250 
2575 
1956 
2333 
1893 
938 
1669 
1629 
2625 
2195 
1723 
1726 
1411 
1573 
1563 
1490 
1787 
1780 
1774 
3371 
1476 
1140 
1864 
1464 
1372 
1330 
1531 
2339 
1648 
1633 
1953 
1389 
1413 
1718 
1593 
963 
4875 
3473 
966 
1323 
3130 
2409 
525 
524 
1513 
1266 
1396 
1842 
1186 
972 
930 
1123 
1053 
875 
5055 
744 
936 
2066 
2571 
2247 
1218 
1963 
1819 
1514 
1014 
958 
929 
906 
849 
868 
793 
743 
687 
857 
765 
778 
741 
893 
1437 
538 
1026 
829 
506 
314 
977 
609 
1453 
1307 
514 
2151 
1484 
989 
839 
435 
428 
806 
750 
322 
746 
739 
656 
394 
619 
627 
286 
332 
589 
4256 
714 
817 
8283 
372 
8287 
515 
391 
3776 
373 
402 
144 
298 
5793 
271 
250 
183 
517 
368 
370 
61 
1412 
299 
214 
2 
1 
0 
Execution Time: 29.099ms
